Nombre d'objet : 4
Nombre de balles : 0

Coordonnées des points (données brutes) (x, y)  : 
-0.169776935687568 0.29803488404638
-0.16902017671124 0.300761001236033
-0.163873906887903 0.295616884905607
-0.163590700918309 0.299197397336702
-0.158999701145092 0.294862841056264
-0.157281749654166 0.295782777094482
-0.154629768506659 0.294921404261503
-0.152452356438316 0.294927582664634
-0.147556009676079 0.289572484895359
-0.146317854376968 0.291319559059326
-0.142402619916731 0.287684712560211
-0.139849903588252 0.286710663328654
-0.136013872548579 0.283012767334512
-0.13436524362378 0.283799191869749
-0.131866768049035 0.282763426709152
-0.12938491833534 0.281708258500452
-0.128156067481267 0.283367292339354
-0.124064888427685 0.278626817552485
-0.122040526303091 0.278427925933561
-0.120814919000721 0.280051344126125
-0.11605764249593 0.273385485383345
-0.1152361650334 0.275901479279099
-0.112869193181816 0.274717209563736
-0.110894568547198 0.274441969579601
-0.108926978253491 0.27415308389395
-0.105511187333953 0.270124766260666
-0.102862824772473 0.267933273931827
-0.100243565520825 0.265720205426069
-0.0969585272255504 0.261610481438057
-0.0937247536822007 0.257471688826579
-0.0895327036613109 0.25047933043486
-0.0844319504857294 0.240616387091934
-0.0820539872192554 0.238266957804523
-0.0809866697642255 0.239687628634647
-0.0811639453769743 0.244900824765544
-0.0809741946167442 0.249172991726972
-0.0810409691314971 0.25440393338592
-0.0795596922015386 0.254871056373211
-0.0801226520778148 0.26202358791532
-0.0780233648035579 0.260569289335353
-0.0759437279995797 0.259099498605316
-0.0747109085177135 0.260498138474074
-0.0715737500512183 0.255151324322657
-0.0692948333294021 0.252670192293928
-0.0683415798135076 0.255000840133114
-0.0660973063053664 0.252491873332934
-0.0638845612227653 0.249965523297463
-0.0612195215040102 0.245481506812265
-0.0607357871178709 0.249720171718611
-0.0590514302395562 0.249096223549581
-0.0564763737439426 0.244563732406779
-0.0559300890929338 0.248790725578862
-0.053840926491851 0.246181141914849
-0.0521999749603173 0.245512041688676
-0.0511754605725571 0.247770200458382
-0.0489469814852104 0.244141747768559
-0.0467624752627091 0.240495885426975
-0.0459181449427843 0.243711969269081
-0.044499659037166 0.243974958439541
-0.0423848339413404 0.240290503041142
-0.0411542876837718 0.241518787271801
-0.0397486404492174 0.241754101480076
-0.0381851516169039 0.240993556337081
-0.0364811131633256 0.239234463199524
-0.0349438380738595 0.23845319914119
-0.0338346030021235 0.240632956262621
-0.031900335792996 0.236861496609926
-0.0306496441401071 0.238034869954141
-0.0290205707671863 0.236224059893032
-0.0277620884191462 0.23738211062885
-0.0261599721852436 0.23555181140307
-0.0247892894420948 0.2357000023949
-0.0235165769884091 0.236835323815406
-0.0214873410404843 0.229998465592729
-0.020236267290463 0.231115757762531
-0.0188914899625755 0.231229564733824
-0.0174704437292849 0.230338411030166
-0.0161302351406866 0.230436141944588
-0.0147894807127444 0.230526075011586
-0.0133317909603895 0.228611599333429
-0.0120541066782151 0.229683909998481
-0.0105779997101375 0.22675340333087
-0.00917718726814598 0.224812764837421
-0.00772936450973802 0.22086479331092
-0.0066485524124464 0.227903042434319
-0.0052760035342895 0.225938407064196
-0.00392653837557216 0.223965582838938
-0.00263534327825408 0.224984566061332
-0.00129115568467218 0.21899619384135
-1.71216799444281E-05 0.217999999327633
0.00126823304936401 0.220996361021924
0.00256533604951987 0.221985177547856
0.00389135789578999 0.223966196855076
0.00514776070226957 0.221940308551088
0.00632272036032661 0.217908290818053
0.0078339411182427 0.224863579457759
0.00885745980170612 0.21781998394514
0.0100315169493898 0.215766931358107
0.0112342434394301 0.214706291883456
0.0125410925900561 0.215635620890074
0.0137313980932409 0.21456106055481
0.0144916014216416 0.207494562551013
0.0160002751197909 0.211395343364254
0.0173922672877476 0.213292074486118
0.0187197937261364 0.214183494515453
0.0203368639893084 0.218053690551388
0.0207170953171478 0.208975601354848
0.0220368270610017 0.209846082291482
0.0232571602544586 0.209714340227125
0.0245927097849202 0.2105687503535
0.0255736450771359 0.20843701369351
0.0269132727212247 0.209276553276837
0.028130210370929 0.209116453834908
0.0287898701153726 0.204988154240044
0.0305611887838902 0.208775031409686
0.0314739610538349 0.206616528321385
0.0323626650208973 0.204454537520558
0.0333893757330132 0.203276042828858
0.0345712979417402 0.203078372454142
0.0352313893481633 0.199919356753162
0.0365730336220209 0.200694826071034
0.0373698877513995 0.198513202305156
0.038524036455035 0.198292457282699
0.0398733017295016 0.199045521952111
0.0404241425211765 0.195872123339253
0.0415628759961416 0.195633655946336
0.0439812090936211 0.201250225457422
0.0449319871831209 0.200015290734923
0.0456450409737765 0.197801744771128
0.0463338774029233 0.195586737292718
0.0484155443006113 0.199200740636363
0.0481225737557025 0.193093805947076
0.0497399398619469 0.194748397637901
0.0496065067250434 0.189618549964233
0.0520022963256833 0.194156537816412
0.0515448584391894 0.188064158117606
0.0531778604080709 0.189686887165191
0.0531782575953641 0.185529169995236
0.055662220393091 0.190015044722545
0.0567666245410046 0.189688034251559
0.0599149852799866 0.196048959545566
0.0589696326641022 0.189014767739087
0.0588546638665069 0.18485704893555
0.060237921584362 0.185462645304105
0.0625735256333289 0.188906203947396
0.0620715795723053 0.183801847132718
0.0647670448605498 0.188165432266481
0.0658605354847009 0.187785488964585
0.0639238266826348 0.17892385079203
0.0694084478848867 0.190765477385744
0.069127487591008 0.186607584142111
0.0709174888572447 0.188073681769094
0.0702190396588903 0.182989853460194
0.0698275894731302 0.178852195257347
0.0716050140018957 0.180301752542199
0.0763976264150036 0.189154441338694
0.0714185029983079 0.17390628921773
0.0728141937979261 0.17441070260038
0.0749994005803177 0.17674583421567
0.077610169577166 0.179979614340635
0.0810636561419317 0.185020765464049
0.0801054449145137 0.179978103376627
0.0786794435434308 0.174041791428657
0.0834455910384073 0.181760373393793
0.082811476311686 0.177646444915397
0.0795657429878604 0.168122849555882
0.0831405342140464 0.173065454584683
0.0832693556016024 0.170781188711444
0.079826595561375 0.161331071530194
0.0843532310862213 0.168013488760024
0.087598556091837 0.1719752684854
0.0858431540106393 0.166132335532568
0.0914502635714897 0.174487390067893
0.0887088629967001 0.166888398715527
0.0911016399686331 0.16901032866374
0.0896852554326187 0.164090081839171
0.0950005444291076 0.171437733764108
0.0945268861488003 0.168266656812964
0.0915453991279167 0.160762059885131
0.0959782335852243 0.166289442472636
0.0949242747973751 0.16227563604618
0.0953567213598433 0.160860485177377
0.0968057818237585 0.161160294754914
0.101380953723178 0.166574014246457
0.102873087029335 0.166832634592441
0.103312031543307 0.165383264384262
0.100529232978537 0.158864323612154
0.100912033042643 0.157434943983858
0.104004247682999 0.160200238651175
0.100539238731326 0.152908016386733
0.102535518528548 0.153985283193174
0.105665853437626 0.156702672017098
0.110522873980303 0.161866285331857
0.113737351382796 0.164510835206762
0.110104714667204 0.15729256755503
0.111017846116713 0.156649410607272
0.115424946425338 0.160875982491818
0.112245136998186 0.154538115752258
0.116696414697891 0.158716561192139
0.114035452672454 0.153221785441198
0.11492483726633 0.152555831679119
0.119448353786901 0.156655963108972
0.117913814298246 0.152791794274558
0.116338442685068 0.148950887052119
0.121543793630627 0.153763149778728
0.121811525890778 0.152272624460736
0.122066051055233 0.150784213960816
0.126109705623833 0.15393941063766
0.132746917463 0.160131995254138
0.120180030077307 0.14326814150612
0.121658528704235 0.143329000532066
0.122490236507848 0.142618869579911
0.135124822638538 0.15549045728566
0.130084118344403 0.147942969263697
0.129613158012186 0.145689496087082
0.13313453360845 0.147906037607869
0.136012662588626 0.149347097780815
0.136201516212062 0.147817952162568
0.131604002661746 0.141171479001274
0.137912027484651 0.146223365694655
0.142902395663134 0.149759491564766
0.134742045042811 0.139572853011182
0.135551681404491 0.138786676840449
0.141276818986337 0.1429750342441
0.139278152976824 0.139321915373585
0.140086252846882 0.138509356230255
0.142319963659562 0.139089999439
0.140249745124528 0.135480659108616
0.145375036728355 0.138805975001904
0.143998240613843 0.135898884101812
0.143323859969175 0.133694693849593
0.150715955022872 0.138959349816929
0.142652186283473 0.129997514393719
0.15083634968377 0.135857997976106
0.152371020634089 0.135643179227435
0.148652866887611 0.130791150947204
0.153184193089003 0.13320511622183
0.1562316941839 0.134267113368943
0.160058842522313 0.135945455718157
0.155485384436667 0.130511667013268
0.15624195955167 0.12960497704739
0.155446516011838 0.127425981101898
0.160070344422483 0.129666822419876
0.167067439116363 0.133732833616507
0.159999446167534 0.126555036352103
0.162308741618709 0.126853744107737
0.166209824009135 0.128352227884258
0.165363621070789 0.126170015559786
0.166094773012455 0.125205935873428
0.17243444924665 0.12841869300458
0.169151154015742 0.124450339875561
0.170681153682868 0.124052181671607
0.169775252333638 0.121890785931709
0.171297137366829 0.121479589766881
0.175277111701726 0.122775950875979
0.173521225695858 0.120047424932845
0.180821993201968 0.123549207907082
0.175735065058682 0.118579875648529
0.181414960855902 0.120882637205065
0.177938132279995 0.117076987835812
0.181131896749685 0.117674279177148
0.186022003540585 0.119318121837157
0.181643817661471 0.115024012733717
0.184005761819289 0.11502556071284
0.184671769379522 0.113953225466577
0.183623403056934 0.111836692770266
0.188556235963925 0.113342603989482
0.190072432777138 0.112754025640685
0.182958037340585 0.107099750571517
0.195701029637258 0.113035865984727
0.191142293328297 0.108924853459617
0.189157609257821 0.106340955703179
0.194145660003669 0.107663655435526
0.197400679758474 0.107972087276724
0.199785655610465 0.107771479586655
0.199526338200139 0.10613783662975
0.205453843402802 0.10776232287315
0.202524180920065 0.104728010306016
0.198675368096188 0.10127733266553
0.2019417952509 0.101466799155407
0.207009347807596 0.102509169932616
0.213893130872682 0.104373026043522
0.207286693413389 0.0996605575628781
0.211477933962308 0.100165280646708
0.222931751829406 0.104006894128572
0.208994271602 0.0960280919187155
0.212282597574206 0.0960473777213512
0.222885860838434 0.0992869227960574
0.216133110429475 0.0947759388034758
0.221271473800178 0.0954983501548437
0.220902829671764 0.0938186540247059
0.224212909808959 0.0936886923539847
0.213655148562501 0.0878207122080865
0.227141939170162 0.0918234146066164
0.219308776241648 0.0871760326201581
0.229126257104603 0.0895385855664225
0.235244294316586 0.0903555310509067
0.234830346610205 0.0886324337414406
0.232529109334034 0.0862218841844737
0.248060723860171 0.0903431086357346
0.242932473698427 0.0868781515846352
0.237772496623925 0.0834759836673125
0.241090423781747 0.0830686918203103
0.242516899234234 0.0819850814832331
0.236345465359845 0.0783697709824271
0.239650335315151 0.0779212216494039
0.247721768142505 0.0789552125470562
0.239586133188929 0.0748297052217681
0.247667331215041 0.0757752799323059
0.242356355332855 0.072611273434467
0.252370481146429 0.0740144597083553
0.25183555985591 0.0722692935627612
0.254177285647866 0.0713435873830506
0.256516698329657 0.0703930641331343
0.255955973515128 0.06864065575097
0.256350935764398 0.0671505601817116
0.264487780904353 0.0676403263762884
0.25808506743108 0.0644057293188638
0.26331354188567 0.0640857133815602
0.273411841642862 0.0648611197055587
0.266964267409702 0.0616934350348647
0.268294245818516 0.0603589070533396
0.27254832601816 0.0596524097141008
0.271912618612461 0.057857824356906
0.27714107088732 0.0572872309282748
0.285313294575009 0.0572479164577556
0.285641486836826 0.0555872377227661
0.281046610841648 0.052998137084458
0.286268862673025 0.0522602933774086
0.27967463609937 0.0493770991724402
0.287843254609022 0.0490944067698743
0.289110699816945 0.0475815431796465
0.290370251003225 0.0460555895882779
0.291621798733204 0.0445165868369363
0.292865233781381 0.0429645765972054
0.293110209941624 0.041260208772821
0.298300423938166 0.0402225941270616
0.299521149499872 0.0386145180246386
0.3007332270032 0.0369935964221099
0.310875459252849 0.0364067141380597
0.323008448404788 0.0359241180703358
0.306305487439401 0.0322637314102196
0.323404532556512 0.0321637734400664
0.321594862652429 0.0300955863137036
0.327741541257413 0.028748602300212
0.336873228067 0.0275758628463178
0.336030817086467 0.0255399680540439
0.337171249416276 0.0236547789477586
0.33530727133294 0.0215646421546523
0.343413400925409 0.0200807386528604
0.343524403114427 0.0180827117677743
0.353612843993696 0.016551633233309
0.35170482142745 0.014412445479018
0.357779006211833 0.0125770709655832
0.361844395999671 0.0106128734861467
0.361900010352759 0.00850779093963571
0.360943534598651 0.00638473424914297
0.362974427580802 0.00430870309826176
0.379993039103317 0.00230005065712162
0.378999989479619 8.9299770352021E-05
0.374994158669239 -0.00209307523752447
0.381975183372179 -0.0043542264284887
0.385942798496416 -0.00664501984605818
0.390896287111505 -0.00900514977330431
0.395835208233581 -0.0114231310365184
0.399759657308807 -0.0138642125036024
0.410663229964205 -0.0166346492408538
0.408561658876207 -0.0189306866310107
0.417432402476639 -0.0217758894785242
0.424286921187471 -0.0246091143533583
0.421142682132873 -0.0268857078376236
0.436940453418451 -0.03044733430825
0.440744582549669 -0.0332898325786962
0.441540178012969 -0.0359342622058093
0.445308536139567 -0.0388498087670499
0.461006102906646 -0.0429228736552778
0.459753476622932 -0.0455053923521914
0.457491890853441 -0.0479705097256961
0.461180795079852 -0.0510712663786205
0.477761442359138 -0.0557225645041227
0.491325280806125 -0.0602035583730913
0.495926014743998 -0.0636976286853401
0.500502556013063 -0.0672472410169397
0.512976836419775 -0.0719636387126119
0.524423268096623 -0.076682696084952
0.526934178684581 -0.0801833607053624
0.536336100738874 -0.0848091212324535
0.534846876362363 -0.0877657042666655
0.545171561255943 -0.092719840367407
0.562350301911655 -0.0990107970873396
0.579473700152077 -0.105504648390775
0.575901856257071 -0.108319213252588
0.579188706162983 -0.112429723175188
0.580485987220634 -0.116189580602074
0.570006349830732 -0.117544719799085
0.577138537531507 -0.122519828991038
0.568600245381366 -0.124168276754776
0.567868319362906 -0.127473808541003
0.567117176955588 -0.130775026675295
0.563427529951017 -0.133380727593215
0.569444337360866 -0.138308158283031
0.559896915798434 -0.139443335012473
0.56004521609938 -0.142945289968569
0.556301762158776 -0.145441910806483
0.557378279419814 -0.149192672846249
0.564216757334563 -0.154545950263573
0.560419434043415 -0.157016107283484
0.547960554034576 -0.156968886159394
0.554715899901558 -0.1624015714099
0.5489714730189 -0.16419294080885
0.556614490227007 -0.170012673849124
0.545114748381411 -0.169973265830457
0.544116765258523 -0.173141403958155
0.542149230487009 -0.175994920046984
0.537318961528011 -0.177888542583439
0.54385492554857 -0.183569659684162
0.543723477532552 -0.187055553191847
0.542626147728737 -0.190215309060734
0.534918154518868 -0.191014575271439
0.527219447693059 -0.191730680837018
0.501712892425788 -0.185766448999138
0.485651846440981 -0.183039023294121
0.478043118193785 -0.18335423951347
0.472310535949237 -0.184314290361178
0.471230360771045 -0.187058672847829
0.46549780704462 -0.187924962782089
0.460696370857874 -0.189110692131313
0.459588490801959 -0.191787432128326
0.455703220792363 -0.193286250311467
0.455489460898795 -0.196329699765791
0.450675645258994 -0.197371382855747
0.450433539372554 -0.200396174135918
0.453816574938912 -0.205071978365438
0.453524829491602 -0.208125512695137
0.451400032951834 -0.210337847880698
0.45559254947445 -0.215525935477312
0.453429643767967 -0.217739656820833
0.459346685231018 -0.223878589345378
0.449969397518883 -0.222556827117242
0.476373674187806 -0.23907555822545
0.489233033397258 -0.249102466934627
0.500214413699159 -0.25836900032242
0.493388204868877 -0.258489998445331
0.495408506337745 -0.263232619270873
0.495629533922856 -0.267058729689581
0.498455439378038 -0.272334674535666
0.494238518771926 -0.27377597878947
0.492637560553555 -0.276646405962272
0.494496179022966 -0.28148628551261
0.48678717893472 -0.280859827004107
0.482555396251685 -0.282172446472683
0.489508758071596 -0.290072707732396
0.480097231013985 -0.288282238045815
0.480975049091552 -0.292629462206695
0.475859564370884 -0.293323498882638
0.474145206271505 -0.296086682189104
0.473259910310715 -0.29937444328582
0.475720311206574 -0.304819923078398
0.469744927902064 -0.304860136308905
0.46879921213469 -0.308136818153713
0.466166362268039 -0.310304564403722
0.470157804111698 -0.3169237120079
0.469958130435341 -0.320780852978664
0.463970931175754 -0.320666454472406
0.461278393974531 -0.322786683821185
0.464288729809545 -0.328933086465681
0.461554824665834 -0.331045531351341
0.458002889126306 -0.332549776051581
0.456866408897713 -0.335800661733874
0.456509880296197 -0.339646476784247
0.452129933486247 -0.340491590565349
0.450141593041358 -0.343115936986594
0.448138020023003 -0.345728672530733
0.446907478842839 -0.348945132297812
0.447223861038748 -0.353398950362893
0.442817569457731 -0.3541208835688
0.442304777024043 -0.357948996676498
0.440988714887731 -0.361149488912372
0.443500186473797 -0.367537188047288
0.439822182284501 -0.368825769124798
0.436144246047351 -0.370084039969015
0.435501459058167 -0.373917743839749
0.431054221814836 -0.374477312871697
0.431872870950666 -0.379619313703649
0.42517388131253 -0.378137766759205
0.431143870019533 -0.387962579825142
0.427400843157058 -0.389117616240432
0.427336613642563 -0.393629798974248
0.425771145329268 -0.396790790978071
0.422728162798871 -0.398574836607495
0.42112602512963 -0.401717401861704
0.421660276705123 -0.406938092403451
0.419285922558627 -0.409384068014574
0.416897379979608 -0.411816190267136
0.416616716466498 -0.416355030665745
0.415594077655542 -0.42019348235978
0.413841774613148 -0.42331901160359
0.41137226249643 -0.425719228657302
0.407507448560055 -0.426658738769141
0.405705088156477 -0.429749207612935
0.404562769578653 -0.433564257603011
0.396610088624223 -0.430029577589131
0.404207006869024 -0.443414812109367
0.397604549917676 -0.441301055839165
0.396360778014526 -0.445100138903281
0.397728933343944 -0.451902307563358
0.395749721907301 -0.454962809040798
0.391792636748753 -0.455740638729376
0.392372291386672 -0.461822460423886
0.389679162206954 -0.464097134813054
0.388249984580314 -0.467895233437343
0.388057925228677 -0.473238889639487
0.384668885326734 -0.474711331928666
0.385651164428496 -0.481624521152054
0.377879029284108 -0.477586054263837
0.380021795189675 -0.486078630656416
0.376576447804397 -0.487489670617771
0.376767833319445 -0.493646634522885
0.372685688101014 -0.494233120991171
0.371596621013914 -0.498798507667216
0.368688748155504 -0.500951701248261
0.36988476366796 -0.508749704281287
0.368085706362628 -0.512517231682531
0.363362281958862 -0.512202940297738
0.364393509155109 -0.52004073925571
0.359085891679745 -0.518862527454588
0.358318640389186 -0.524244935072953
0.356381904993499 -0.527978160337343
0.355523100046282 -0.533370720356378
0.352964175851043 -0.536265130850211
0.349838669297464 -0.538309302784356
0.349401490450442 -0.544543477117309
0.346763015909027 -0.547411555228491
0.343572773859588 -0.549419465492832
0.344573015418025 -0.558216299516352
0.340799652795648 -0.559357306785534
0.340116662806009 -0.565615289469533
0.336310305064036 -0.566724252796486
0.3355345103097 -0.572985682535986
0.333196279146581 -0.576659552563619
0.329836126667381 -0.578588048221754
0.327445187506317 -0.582240198868949
0.325022886451334 -0.585884052763722
0.324009280712435 -0.592151151322203
0.322458776604586 -0.597546096456729
0.320856406126234 -0.602942921550421
0.316414304402874 -0.603028181737177
0.315198410115493 -0.609299566929655
0.311648690309744 -0.611122814030226
0.310333966915629 -0.617392767189906
0.308068960261375 -0.621875804098756
0.304884886521277 -0.624556007072951
0.300813143889213 -0.625417822310403
0.299310898729171 -0.631675538470452
0.294362479571371 -0.630687506314018
0.297371194207979 -0.646926868243483
0.293190528781141 -0.647734755770474
0.289417598100467 -0.649429329419111
0.288848768168249 -0.658427968063087
0.285410109863992 -0.661015180754136
0.286252724217517 -0.67370867433784
0.280786036333696 -0.671671945074388
0.278395355418305 -0.67699337225819
0.277077018829408 -0.685090742629477
0.275673806961692 -0.693195464609549
0.272729093788313 -0.697581422775439
0.26866654379171 -0.699156125802397
0.2674210160251 -0.708191358453422
0.262949020092782 -0.708797441327383
0.261560241006119 -0.717831623937551
0.255021887070125 -0.712750192644795
0.255179625108669 -0.726486998458609
0.25323058056884 -0.734576934748681
0.2505551671906 -0.740773992655041
0.246556621860181 -0.743168104951293
0.242229330146008 -0.744589787478324
0.240932077032374 -0.755513556633411
0.237726170139392 -0.760720229802558
0.235345956457679 -0.768783637169146
0.231156996591112 -0.771097557334334
0.227793793747378 -0.776267342820872
0.22548218012229 -0.785268607832568
0.221451124245752 -0.788492485424111
0.21844932094344 -0.795553200093715
0.214595292037393 -0.799707984601496
0.210953841323754 -0.804812075475233
0.207260235570524 -0.809900731417901
0.199395785410909 -0.798480006487556
0.19332774642993 -0.793796814342515
0.189168791209525 -0.796853919129678
0.181601121721352 -0.785275131778377
0.177469266527425 -0.788269407904568
0.175234357741056 -0.800033699207152
0.16828644872795 -0.79028075465276
0.160647686950862 -0.776557351827499
0.155536971822897 -0.774537442862618
0.152175793729619 -0.781318454794689
0.14614447239693 -0.774329253733722
0.139840178961997 -0.765329160785003
0.135559796397766 -0.767114425363385
0.130421937909086 -0.763947064993405
0.125000440819581 -0.758772620614971
0.121054852415623 -0.762449816516885
0.113898458223593 -0.745347664660116
0.109415426217644 -0.745008231166348
0.103823817335612 -0.736720174118954
0.0999378058541267 -0.740284698586337
0.0956297681009601 -0.740853526314721
0.0921742231448505 -0.748344781893776
0.0870041302909528 -0.741915952997585
0.0825761302579008 -0.741415661226299
0.0778421729258293 -0.737905546878586
0.0733501053787473 -0.736355730636305
0.069065372877327 -0.736769960210998
0.0639904590085829 -0.728193807413844
0.0595081381543836 -0.725563768040686
0.0551345325518619 -0.723903435079768
0.0514135338465407 -0.731194672120503
0.0467088344928645 -0.724495883204534
0.0419667637999771 -0.715770766891298
0.0379077538792601 -0.718000001529129
0.0334489214757874 -0.712214974324541
0.0293874972729523 -0.714395811160754
0.0250195219524889 -0.708558412215442
0.0206909879594873 -0.701695007120088
0.0167507283763398 -0.707801817671346
0.0126330559057223 -0.707887283328697
0.00849090239076249 -0.705948939071793
0.00437793830481596 -0.70498640671732
0.000275282049195506 -0.700999945948495
-0.00378084632871693 -0.696989745405941
-0.00788024168407809 -0.700955706012156
-0.0118382664037449 -0.693899023957055
-0.0157602103480703 -0.688819726611967
-0.0196808432506587 -0.685717627313855
-0.0238764535425496 -0.691587966180898
-0.0276975369730415 -0.686441437010927
-0.0316440724746759 -0.685269766352797
-0.0354220995543444 -0.681079492323152
-0.0393834415094488 -0.680861912971252
-0.0434705576416582 -0.682617250454692
-0.0470939199809536 -0.677364866745263
-0.0514844142923957 -0.683062482562883
-0.0544045508384472 -0.66979410631034
-0.0581264111613649 -0.667473834936996
-0.0623784211659501 -0.671107243719544
-0.0657895959487021 -0.665757259866467
-0.0698695473595713 -0.667352415408657
-0.0730909864653225 -0.660971033932294
-0.0770504084655334 -0.661527954477583
-0.081018779294626 -0.662061143250084
-0.0847414777274222 -0.660586770948808
-0.0875187186156964 -0.652153719526207
-0.0908946024052483 -0.648662602015556
-0.0949554896861925 -0.650101880460636
-0.100388730791025 -0.660413584604502
-0.103136539337984 -0.652904169272478
-0.106123963836694 -0.647359022722004
-0.109887952517516 -0.646730730591572
-0.112782001434083 -0.641156158944545
-0.116867735472906 -0.642456949846007
-0.120787716979246 -0.642749039226774
-0.12338221269401 -0.636145289686821
-0.127276789563424 -0.636397374946211
-0.131985719935834 -0.640543339465035
-0.134049566640135 -0.631938852804282
-0.136444216858384 -0.625286314967713
-0.141392535650213 -0.630336537781528
-0.145955090425928 -0.633401224800489
-0.149637210575301 -0.632541465210972
-0.151663190351616 -0.624857805178402
-0.15674461836054 -0.629787364604125
-0.157686795730929 -0.618206174712055
-0.161785906461013 -0.61921346922575
-0.168486199456441 -0.6298542693296
-0.170827157168226 -0.624040930046918
-0.172836591048657 -0.617258870162819
-0.176974819880652 -0.618165765089115
-0.180848609057043 -0.618085577086323
-0.184441045402735 -0.617023095816313
-0.1868593692947 -0.61211402214521
-0.190119440001242 -0.610061962864113
-0.192755819359533 -0.606086787599792
-0.198747164358809 -0.612564743238894
-0.204820315048924 -0.618993245959323
-0.202024447137873 -0.59884064888636
-0.206805236431705 -0.601437938763782
-0.212284357755464 -0.605887243183375
-0.214460721357732 -0.600874861343626
-0.214536288744828 -0.590218756743291
-0.22213100600321 -0.600214808357809
-0.223151081443789 -0.592361878289334
-0.226951130520864 -0.591987486654323
-0.233661504606134 -0.59904198622901
-0.235667043891786 -0.593954581111474
-0.239492385962601 -0.593500966356367
-0.239524462462532 -0.583771386659226
-0.241376413820393 -0.578676444009263
-0.246690240523308 -0.581865899697303
-0.248488140553233 -0.576747469872558
-0.25424506723834 -0.58078864123274
-0.255587601930116 -0.574731222172254
-0.258514926969424 -0.572323363610113
-0.264758440561102 -0.577172390323423
-0.267689236275078 -0.574715993150065
-0.271882893593856 -0.574957122028271
-0.271328241237096 -0.565252143301716
-0.274173829338569 -0.562765236404866
-0.278329278924577 -0.562953650395239
-0.282944575106235 -0.564006531361076
-0.2834991066901 -0.557003820907824
-0.288569585202229 -0.558899449361165
-0.294599521906381 -0.56252655198891
-0.297866838454199 -0.560803304688284
-0.297804597336695 -0.552898202027398
-0.303412473113774 -0.555544661714054
-0.308092291373801 -0.556394769921538
-0.307407688622582 -0.54761712261006
-0.312566325964196 -0.549296178644312
-0.31375791738467 -0.544003648221622

Coordonnées des points (filtrage des pics) (x, y)  : 
-0.169776935687568 0.29803488404638
-0.16902017671124 0.300761001236033
-0.163873906887903 0.295616884905607
-0.163590700918309 0.299197397336702
-0.158999701145092 0.294862841056264
-0.157281749654166 0.295782777094482
-0.154629768506659 0.294921404261503
-0.152452356438316 0.294927582664634
-0.147556009676079 0.289572484895359
-0.146317854376968 0.291319559059326
-0.142402619916731 0.287684712560211
-0.139849903588252 0.286710663328654
-0.136013872548579 0.283012767334512
-0.13436524362378 0.283799191869749
-0.131866768049035 0.282763426709152
-0.12938491833534 0.281708258500452
-0.128156067481267 0.283367292339354
-0.124064888427685 0.278626817552485
-0.122040526303091 0.278427925933561
-0.120814919000721 0.280051344126125
-0.11605764249593 0.273385485383345
-0.1152361650334 0.275901479279099
-0.112869193181816 0.274717209563736
-0.110894568547198 0.274441969579601
-0.108926978253491 0.27415308389395
-0.105511187333953 0.270124766260666
-0.102862824772473 0.267933273931827
-0.100243565520825 0.265720205426069
-0.0969585272255504 0.261610481438057
-0.0937247536822007 0.257471688826579
-0.0895327036613109 0.25047933043486
-0.0844319504857294 0.240616387091934
-0.0820539872192554 0.238266957804523
-0.0809866697642255 0.239687628634647
-0.0811639453769743 0.244900824765544
-0.0809741946167442 0.249172991726972
-0.0810409691314971 0.25440393338592
-0.0795596922015386 0.254871056373211
-0.0801226520778148 0.26202358791532
-0.0780233648035579 0.260569289335353
-0.0759437279995797 0.259099498605316
-0.0747109085177135 0.260498138474074
-0.0715737500512183 0.255151324322657
-0.0692948333294021 0.252670192293928
-0.0683415798135076 0.255000840133114
-0.0660973063053664 0.252491873332934
-0.0638845612227653 0.249965523297463
-0.0612195215040102 0.245481506812265
-0.0607357871178709 0.249720171718611
-0.0590514302395562 0.249096223549581
-0.0564763737439426 0.244563732406779
-0.0559300890929338 0.248790725578862
-0.053840926491851 0.246181141914849
-0.0521999749603173 0.245512041688676
-0.0511754605725571 0.247770200458382
-0.0489469814852104 0.244141747768559
-0.0467624752627091 0.240495885426975
-0.0459181449427843 0.243711969269081
-0.044499659037166 0.243974958439541
-0.0423848339413404 0.240290503041142
-0.0411542876837718 0.241518787271801
-0.0397486404492174 0.241754101480076
-0.0381851516169039 0.240993556337081
-0.0364811131633256 0.239234463199524
-0.0349438380738595 0.23845319914119
-0.0338346030021235 0.240632956262621
-0.031900335792996 0.236861496609926
-0.0306496441401071 0.238034869954141
-0.0290205707671863 0.236224059893032
-0.0277620884191462 0.23738211062885
-0.0261599721852436 0.23555181140307
-0.0247892894420948 0.2357000023949
-0.0235165769884091 0.236835323815406
-0.0214873410404843 0.229998465592729
-0.020236267290463 0.231115757762531
-0.0188914899625755 0.231229564733824
-0.0174704437292849 0.230338411030166
-0.0161302351406866 0.230436141944588
-0.0147894807127444 0.230526075011586
-0.0133317909603895 0.228611599333429
-0.0120541066782151 0.229683909998481
-0.0105779997101375 0.22675340333087
-0.00917718726814598 0.224812764837421
-0.00772936450973802 0.22086479331092
-0.0066485524124464 0.227903042434319
-0.0052760035342895 0.225938407064196
-0.00392653837557216 0.223965582838938
-0.00263534327825408 0.224984566061332
-0.00129115568467218 0.21899619384135
-1.71216799444281E-05 0.217999999327633
0.00126823304936401 0.220996361021924
0.00256533604951987 0.221985177547856
0.00389135789578999 0.223966196855076
0.00514776070226957 0.221940308551088
0.00632272036032661 0.217908290818053
0.0078339411182427 0.224863579457759
0.00885745980170612 0.21781998394514
0.0100315169493898 0.215766931358107
0.0112342434394301 0.214706291883456
0.0125410925900561 0.215635620890074
0.0137313980932409 0.21456106055481
0.0144916014216416 0.207494562551013
0.0160002751197909 0.211395343364254
0.0173922672877476 0.213292074486118
0.0187197937261364 0.214183494515453
0.0203368639893084 0.218053690551388
0.0207170953171478 0.208975601354848
0.0220368270610017 0.209846082291482
0.0232571602544586 0.209714340227125
0.0245927097849202 0.2105687503535
0.0255736450771359 0.20843701369351
0.0269132727212247 0.209276553276837
0.028130210370929 0.209116453834908
0.0287898701153726 0.204988154240044
0.0305611887838902 0.208775031409686
0.0314739610538349 0.206616528321385
0.0323626650208973 0.204454537520558
0.0333893757330132 0.203276042828858
0.0345712979417402 0.203078372454142
0.0352313893481633 0.199919356753162
0.0365730336220209 0.200694826071034
0.0373698877513995 0.198513202305156
0.038524036455035 0.198292457282699
0.0398733017295016 0.199045521952111
0.0404241425211765 0.195872123339253
0.0415628759961416 0.195633655946336
0.0439812090936211 0.201250225457422
0.0449319871831209 0.200015290734923
0.0456450409737765 0.197801744771128
0.0463338774029233 0.195586737292718
0.0484155443006113 0.199200740636363
0.0481225737557025 0.193093805947076
0.0497399398619469 0.194748397637901
0.0496065067250434 0.189618549964233
0.0520022963256833 0.194156537816412
0.0515448584391894 0.188064158117606
0.0531778604080709 0.189686887165191
0.0531782575953641 0.185529169995236
0.055662220393091 0.190015044722545
0.0567666245410046 0.189688034251559
0.0599149852799866 0.196048959545566
0.0589696326641022 0.189014767739087
0.0588546638665069 0.18485704893555
0.060237921584362 0.185462645304105
0.0625735256333289 0.188906203947396
0.0620715795723053 0.183801847132718
0.0647670448605498 0.188165432266481
0.0658605354847009 0.187785488964585
0.0639238266826348 0.17892385079203
0.0694084478848867 0.190765477385744
0.069127487591008 0.186607584142111
0.0709174888572447 0.188073681769094
0.0702190396588903 0.182989853460194
0.0698275894731302 0.178852195257347
0.0716050140018957 0.180301752542199
0.0763976264150036 0.189154441338694
0.0714185029983079 0.17390628921773
0.0728141937979261 0.17441070260038
0.0749994005803177 0.17674583421567
0.077610169577166 0.179979614340635
0.0810636561419317 0.185020765464049
0.0801054449145137 0.179978103376627
0.0786794435434308 0.174041791428657
0.0834455910384073 0.181760373393793
0.082811476311686 0.177646444915397
0.0795657429878604 0.168122849555882
0.0831405342140464 0.173065454584683
0.0832693556016024 0.170781188711444
0.079826595561375 0.161331071530194
0.0843532310862213 0.168013488760024
0.087598556091837 0.1719752684854
0.0858431540106393 0.166132335532568
0.0914502635714897 0.174487390067893
0.0887088629967001 0.166888398715527
0.0911016399686331 0.16901032866374
0.0896852554326187 0.164090081839171
0.0950005444291076 0.171437733764108
0.0945268861488003 0.168266656812964
0.0915453991279167 0.160762059885131
0.0959782335852243 0.166289442472636
0.0949242747973751 0.16227563604618
0.0953567213598433 0.160860485177377
0.0968057818237585 0.161160294754914
0.101380953723178 0.166574014246457
0.102873087029335 0.166832634592441
0.103312031543307 0.165383264384262
0.100529232978537 0.158864323612154
0.100912033042643 0.157434943983858
0.104004247682999 0.160200238651175
0.100539238731326 0.152908016386733
0.102535518528548 0.153985283193174
0.105665853437626 0.156702672017098
0.110522873980303 0.161866285331857
0.113737351382796 0.164510835206762
0.110104714667204 0.15729256755503
0.111017846116713 0.156649410607272
0.115424946425338 0.160875982491818
0.112245136998186 0.154538115752258
0.116696414697891 0.158716561192139
0.114035452672454 0.153221785441198
0.11492483726633 0.152555831679119
0.119448353786901 0.156655963108972
0.117913814298246 0.152791794274558
0.116338442685068 0.148950887052119
0.121543793630627 0.153763149778728
0.121811525890778 0.152272624460736
0.122066051055233 0.150784213960816
0.126109705623833 0.15393941063766
0.132746917463 0.160131995254138
0.120180030077307 0.14326814150612
0.121658528704235 0.143329000532066
0.122490236507848 0.142618869579911
0.135124822638538 0.15549045728566
0.130084118344403 0.147942969263697
0.129613158012186 0.145689496087082
0.13313453360845 0.147906037607869
0.136012662588626 0.149347097780815
0.136201516212062 0.147817952162568
0.131604002661746 0.141171479001274
0.137912027484651 0.146223365694655
0.142902395663134 0.149759491564766
0.134742045042811 0.139572853011182
0.135551681404491 0.138786676840449
0.141276818986337 0.1429750342441
0.139278152976824 0.139321915373585
0.140086252846882 0.138509356230255
0.142319963659562 0.139089999439
0.140249745124528 0.135480659108616
0.145375036728355 0.138805975001904
0.143998240613843 0.135898884101812
0.143323859969175 0.133694693849593
0.150715955022872 0.138959349816929
0.142652186283473 0.129997514393719
0.15083634968377 0.135857997976106
0.152371020634089 0.135643179227435
0.148652866887611 0.130791150947204
0.153184193089003 0.13320511622183
0.1562316941839 0.134267113368943
0.160058842522313 0.135945455718157
0.155485384436667 0.130511667013268
0.15624195955167 0.12960497704739
0.155446516011838 0.127425981101898
0.160070344422483 0.129666822419876
0.167067439116363 0.133732833616507
0.159999446167534 0.126555036352103
0.162308741618709 0.126853744107737
0.166209824009135 0.128352227884258
0.165363621070789 0.126170015559786
0.166094773012455 0.125205935873428
0.17243444924665 0.12841869300458
0.169151154015742 0.124450339875561
0.170681153682868 0.124052181671607
0.169775252333638 0.121890785931709
0.171297137366829 0.121479589766881
0.175277111701726 0.122775950875979
0.173521225695858 0.120047424932845
0.180821993201968 0.123549207907082
0.175735065058682 0.118579875648529
0.181414960855902 0.120882637205065
0.177938132279995 0.117076987835812
0.181131896749685 0.117674279177148
0.186022003540585 0.119318121837157
0.181643817661471 0.115024012733717
0.184005761819289 0.11502556071284
0.184671769379522 0.113953225466577
0.183623403056934 0.111836692770266
0.188556235963925 0.113342603989482
0.190072432777138 0.112754025640685
0.182958037340585 0.107099750571517
0.195701029637258 0.113035865984727
0.191142293328297 0.108924853459617
0.189157609257821 0.106340955703179
0.194145660003669 0.107663655435526
0.197400679758474 0.107972087276724
0.199785655610465 0.107771479586655
0.199526338200139 0.10613783662975
0.205453843402802 0.10776232287315
0.202524180920065 0.104728010306016
0.198675368096188 0.10127733266553
0.2019417952509 0.101466799155407
0.207009347807596 0.102509169932616
0.213893130872682 0.104373026043522
0.207286693413389 0.0996605575628781
0.211477933962308 0.100165280646708
0.222931751829406 0.104006894128572
0.208994271602 0.0960280919187155
0.212282597574206 0.0960473777213512
0.222885860838434 0.0992869227960574
0.216133110429475 0.0947759388034758
0.221271473800178 0.0954983501548437
0.220902829671764 0.0938186540247059
0.224212909808959 0.0936886923539847
0.213655148562501 0.0878207122080865
0.227141939170162 0.0918234146066164
0.219308776241648 0.0871760326201581
0.229126257104603 0.0895385855664225
0.235244294316586 0.0903555310509067
0.234830346610205 0.0886324337414406
0.232529109334034 0.0862218841844737
0.248060723860171 0.0903431086357346
0.242932473698427 0.0868781515846352
0.237772496623925 0.0834759836673125
0.241090423781747 0.0830686918203103
0.242516899234234 0.0819850814832331
0.236345465359845 0.0783697709824271
0.239650335315151 0.0779212216494039
0.247721768142505 0.0789552125470562
0.239586133188929 0.0748297052217681
0.247667331215041 0.0757752799323059
0.242356355332855 0.072611273434467
0.252370481146429 0.0740144597083553
0.25183555985591 0.0722692935627612
0.254177285647866 0.0713435873830506
0.256516698329657 0.0703930641331343
0.255955973515128 0.06864065575097
0.256350935764398 0.0671505601817116
0.264487780904353 0.0676403263762884
0.25808506743108 0.0644057293188638
0.26331354188567 0.0640857133815602
0.273411841642862 0.0648611197055587
0.266964267409702 0.0616934350348647
0.268294245818516 0.0603589070533396
0.27254832601816 0.0596524097141008
0.271912618612461 0.057857824356906
0.27714107088732 0.0572872309282748
0.285313294575009 0.0572479164577556
0.285641486836826 0.0555872377227661
0.281046610841648 0.052998137084458
0.286268862673025 0.0522602933774086
0.27967463609937 0.0493770991724402
0.287843254609022 0.0490944067698743
0.289110699816945 0.0475815431796465
0.290370251003225 0.0460555895882779
0.291621798733204 0.0445165868369363
0.292865233781381 0.0429645765972054
0.293110209941624 0.041260208772821
0.298300423938166 0.0402225941270616
0.299521149499872 0.0386145180246386
0.3007332270032 0.0369935964221099
0.310875459252849 0.0364067141380597
0.323008448404788 0.0359241180703358
0.306305487439401 0.0322637314102196
0.323404532556512 0.0321637734400664
0.321594862652429 0.0300955863137036
0.327741541257413 0.028748602300212
0.336873228067 0.0275758628463178
0.336030817086467 0.0255399680540439
0.337171249416276 0.0236547789477586
0.33530727133294 0.0215646421546523
0.343413400925409 0.0200807386528604
0.343524403114427 0.0180827117677743
0.353612843993696 0.016551633233309
0.35170482142745 0.014412445479018
0.357779006211833 0.0125770709655832
0.361844395999671 0.0106128734861467
0.361900010352759 0.00850779093963571
0.360943534598651 0.00638473424914297
0.362974427580802 0.00430870309826176
0.379993039103317 0.00230005065712162
0.378999989479619 8.9299770352021E-05
0.374994158669239 -0.00209307523752447
0.381975183372179 -0.0043542264284887
0.385942798496416 -0.00664501984605818
0.390896287111505 -0.00900514977330431
0.395835208233581 -0.0114231310365184
0.399759657308807 -0.0138642125036024
0.410663229964205 -0.0166346492408538
0.408561658876207 -0.0189306866310107
0.417432402476639 -0.0217758894785242
0.424286921187471 -0.0246091143533583
0.421142682132873 -0.0268857078376236
0.436940453418451 -0.03044733430825
0.440744582549669 -0.0332898325786962
0.441540178012969 -0.0359342622058093
0.445308536139567 -0.0388498087670499
0.461006102906646 -0.0429228736552778
0.459753476622932 -0.0455053923521914
0.457491890853441 -0.0479705097256961
0.461180795079852 -0.0510712663786205
0.477761442359138 -0.0557225645041227
0.491325280806125 -0.0602035583730913
0.495926014743998 -0.0636976286853401
0.500502556013063 -0.0672472410169397
0.512976836419775 -0.0719636387126119
0.524423268096623 -0.076682696084952
0.526934178684581 -0.0801833607053624
0.536336100738874 -0.0848091212324535
0.534846876362363 -0.0877657042666655
0.545171561255943 -0.092719840367407
0.562350301911655 -0.0990107970873396
0.579473700152077 -0.105504648390775
0.575901856257071 -0.108319213252588
0.579188706162983 -0.112429723175188
0.580485987220634 -0.116189580602074
0.570006349830732 -0.117544719799085
0.577138537531507 -0.122519828991038
0.568600245381366 -0.124168276754776
0.567868319362906 -0.127473808541003
0.567117176955588 -0.130775026675295
0.563427529951017 -0.133380727593215
0.569444337360866 -0.138308158283031
0.559896915798434 -0.139443335012473
0.56004521609938 -0.142945289968569
0.556301762158776 -0.145441910806483
0.557378279419814 -0.149192672846249
0.564216757334563 -0.154545950263573
0.560419434043415 -0.157016107283484
0.547960554034576 -0.156968886159394
0.554715899901558 -0.1624015714099
0.5489714730189 -0.16419294080885
0.556614490227007 -0.170012673849124
0.545114748381411 -0.169973265830457
0.544116765258523 -0.173141403958155
0.542149230487009 -0.175994920046984
0.537318961528011 -0.177888542583439
0.54385492554857 -0.183569659684162
0.543723477532552 -0.187055553191847
0.542626147728737 -0.190215309060734
0.534918154518868 -0.191014575271439
0.527219447693059 -0.191730680837018
0.501712892425788 -0.185766448999138
0.485651846440981 -0.183039023294121
0.478043118193785 -0.18335423951347
0.472310535949237 -0.184314290361178
0.471230360771045 -0.187058672847829
0.46549780704462 -0.187924962782089
0.460696370857874 -0.189110692131313
0.459588490801959 -0.191787432128326
0.455703220792363 -0.193286250311467
0.455489460898795 -0.196329699765791
0.450675645258994 -0.197371382855747
0.450433539372554 -0.200396174135918
0.453816574938912 -0.205071978365438
0.453524829491602 -0.208125512695137
0.451400032951834 -0.210337847880698
0.45559254947445 -0.215525935477312
0.453429643767967 -0.217739656820833
0.459346685231018 -0.223878589345378
0.449969397518883 -0.222556827117242
0.476373674187806 -0.23907555822545
0.489233033397258 -0.249102466934627
0.500214413699159 -0.25836900032242
0.493388204868877 -0.258489998445331
0.495408506337745 -0.263232619270873
0.495629533922856 -0.267058729689581
0.498455439378038 -0.272334674535666
0.494238518771926 -0.27377597878947
0.492637560553555 -0.276646405962272
0.494496179022966 -0.28148628551261
0.48678717893472 -0.280859827004107
0.482555396251685 -0.282172446472683
0.489508758071596 -0.290072707732396
0.480097231013985 -0.288282238045815
0.480975049091552 -0.292629462206695
0.475859564370884 -0.293323498882638
0.474145206271505 -0.296086682189104
0.473259910310715 -0.29937444328582
0.475720311206574 -0.304819923078398
0.469744927902064 -0.304860136308905
0.46879921213469 -0.308136818153713
0.466166362268039 -0.310304564403722
0.470157804111698 -0.3169237120079
0.469958130435341 -0.320780852978664
0.463970931175754 -0.320666454472406
0.461278393974531 -0.322786683821185
0.464288729809545 -0.328933086465681
0.461554824665834 -0.331045531351341
0.458002889126306 -0.332549776051581
0.456866408897713 -0.335800661733874
0.456509880296197 -0.339646476784247
0.452129933486247 -0.340491590565349
0.450141593041358 -0.343115936986594
0.448138020023003 -0.345728672530733
0.446907478842839 -0.348945132297812
0.447223861038748 -0.353398950362893
0.442817569457731 -0.3541208835688
0.442304777024043 -0.357948996676498
0.440988714887731 -0.361149488912372
0.443500186473797 -0.367537188047288
0.439822182284501 -0.368825769124798
0.436144246047351 -0.370084039969015
0.435501459058167 -0.373917743839749
0.431054221814836 -0.374477312871697
0.431872870950666 -0.379619313703649
0.42517388131253 -0.378137766759205
0.431143870019533 -0.387962579825142
0.427400843157058 -0.389117616240432
0.427336613642563 -0.393629798974248
0.425771145329268 -0.396790790978071
0.422728162798871 -0.398574836607495
0.42112602512963 -0.401717401861704
0.421660276705123 -0.406938092403451
0.419285922558627 -0.409384068014574
0.416897379979608 -0.411816190267136
0.416616716466498 -0.416355030665745
0.415594077655542 -0.42019348235978
0.413841774613148 -0.42331901160359
0.41137226249643 -0.425719228657302
0.407507448560055 -0.426658738769141
0.405705088156477 -0.429749207612935
0.404562769578653 -0.433564257603011
0.396610088624223 -0.430029577589131
0.404207006869024 -0.443414812109367
0.397604549917676 -0.441301055839165
0.396360778014526 -0.445100138903281
0.397728933343944 -0.451902307563358
0.395749721907301 -0.454962809040798
0.391792636748753 -0.455740638729376
0.392372291386672 -0.461822460423886
0.389679162206954 -0.464097134813054
0.388249984580314 -0.467895233437343
0.388057925228677 -0.473238889639487
0.384668885326734 -0.474711331928666
0.385651164428496 -0.481624521152054
0.377879029284108 -0.477586054263837
0.380021795189675 -0.486078630656416
0.376576447804397 -0.487489670617771
0.376767833319445 -0.493646634522885
0.372685688101014 -0.494233120991171
0.371596621013914 -0.498798507667216
0.368688748155504 -0.500951701248261
0.36988476366796 -0.508749704281287
0.368085706362628 -0.512517231682531
0.363362281958862 -0.512202940297738
0.364393509155109 -0.52004073925571
0.359085891679745 -0.518862527454588
0.358318640389186 -0.524244935072953
0.356381904993499 -0.527978160337343
0.355523100046282 -0.533370720356378
0.352964175851043 -0.536265130850211
0.349838669297464 -0.538309302784356
0.349401490450442 -0.544543477117309
0.346763015909027 -0.547411555228491
0.343572773859588 -0.549419465492832
0.344573015418025 -0.558216299516352
0.340799652795648 -0.559357306785534
0.340116662806009 -0.565615289469533
0.336310305064036 -0.566724252796486
0.3355345103097 -0.572985682535986
0.333196279146581 -0.576659552563619
0.329836126667381 -0.578588048221754
0.327445187506317 -0.582240198868949
0.325022886451334 -0.585884052763722
0.324009280712435 -0.592151151322203
0.322458776604586 -0.597546096456729
0.320856406126234 -0.602942921550421
0.316414304402874 -0.603028181737177
0.315198410115493 -0.609299566929655
0.311648690309744 -0.611122814030226
0.310333966915629 -0.617392767189906
0.308068960261375 -0.621875804098756
0.304884886521277 -0.624556007072951
0.300813143889213 -0.625417822310403
0.299310898729171 -0.631675538470452
0.294362479571371 -0.630687506314018
0.297371194207979 -0.646926868243483
0.293190528781141 -0.647734755770474
0.289417598100467 -0.649429329419111
0.288848768168249 -0.658427968063087
0.285410109863992 -0.661015180754136
0.286252724217517 -0.67370867433784
0.280786036333696 -0.671671945074388
0.278395355418305 -0.67699337225819
0.277077018829408 -0.685090742629477
0.275673806961692 -0.693195464609549
0.272729093788313 -0.697581422775439
0.26866654379171 -0.699156125802397
0.2674210160251 -0.708191358453422
0.262949020092782 -0.708797441327383
0.261560241006119 -0.717831623937551
0.255021887070125 -0.712750192644795
0.255179625108669 -0.726486998458609
0.25323058056884 -0.734576934748681
0.2505551671906 -0.740773992655041
0.246556621860181 -0.743168104951293
0.242229330146008 -0.744589787478324
0.240932077032374 -0.755513556633411
0.237726170139392 -0.760720229802558
0.235345956457679 -0.768783637169146
0.231156996591112 -0.771097557334334
0.227793793747378 -0.776267342820872
0.22548218012229 -0.785268607832568
0.221451124245752 -0.788492485424111
0.21844932094344 -0.795553200093715
0.214595292037393 -0.799707984601496
0.210953841323754 -0.804812075475233
0.207260235570524 -0.809900731417901
0.199395785410909 -0.798480006487556
0.19332774642993 -0.793796814342515
0.189168791209525 -0.796853919129678
0.181601121721352 -0.785275131778377
0.177469266527425 -0.788269407904568
0.175234357741056 -0.800033699207152
0.16828644872795 -0.79028075465276
0.160647686950862 -0.776557351827499
0.155536971822897 -0.774537442862618
0.152175793729619 -0.781318454794689
0.14614447239693 -0.774329253733722
0.139840178961997 -0.765329160785003
0.135559796397766 -0.767114425363385
0.130421937909086 -0.763947064993405
0.125000440819581 -0.758772620614971
0.121054852415623 -0.762449816516885
0.113898458223593 -0.745347664660116
0.109415426217644 -0.745008231166348
0.103823817335612 -0.736720174118954
0.0999378058541267 -0.740284698586337
0.0956297681009601 -0.740853526314721
0.0921742231448505 -0.748344781893776
0.0870041302909528 -0.741915952997585
0.0825761302579008 -0.741415661226299
0.0778421729258293 -0.737905546878586
0.0733501053787473 -0.736355730636305
0.069065372877327 -0.736769960210998
0.0639904590085829 -0.728193807413844
0.0595081381543836 -0.725563768040686
0.0551345325518619 -0.723903435079768
0.0514135338465407 -0.731194672120503
0.0467088344928645 -0.724495883204534
0.0419667637999771 -0.715770766891298
0.0379077538792601 -0.718000001529129
0.0334489214757874 -0.712214974324541
0.0293874972729523 -0.714395811160754
0.0250195219524889 -0.708558412215442
0.0206909879594873 -0.701695007120088
0.0167507283763398 -0.707801817671346
0.0126330559057223 -0.707887283328697
0.00849090239076249 -0.705948939071793
0.00437793830481596 -0.70498640671732
0.000275282049195506 -0.700999945948495
-0.00378084632871693 -0.696989745405941
-0.00788024168407809 -0.700955706012156
-0.0118382664037449 -0.693899023957055
-0.0157602103480703 -0.688819726611967
-0.0196808432506587 -0.685717627313855
-0.0238764535425496 -0.691587966180898
-0.0276975369730415 -0.686441437010927
-0.0316440724746759 -0.685269766352797
-0.0354220995543444 -0.681079492323152
-0.0393834415094488 -0.680861912971252
-0.0434705576416582 -0.682617250454692
-0.0470939199809536 -0.677364866745263
-0.0514844142923957 -0.683062482562883
-0.0544045508384472 -0.66979410631034
-0.0581264111613649 -0.667473834936996
-0.0623784211659501 -0.671107243719544
-0.0657895959487021 -0.665757259866467
-0.0698695473595713 -0.667352415408657
-0.0730909864653225 -0.660971033932294
-0.0770504084655334 -0.661527954477583
-0.081018779294626 -0.662061143250084
-0.0847414777274222 -0.660586770948808
-0.0875187186156964 -0.652153719526207
-0.0908946024052483 -0.648662602015556
-0.0949554896861925 -0.650101880460636
-0.100388730791025 -0.660413584604502
-0.103136539337984 -0.652904169272478
-0.106123963836694 -0.647359022722004
-0.109887952517516 -0.646730730591572
-0.112782001434083 -0.641156158944545
-0.116867735472906 -0.642456949846007
-0.120787716979246 -0.642749039226774
-0.12338221269401 -0.636145289686821
-0.127276789563424 -0.636397374946211
-0.131985719935834 -0.640543339465035
-0.134049566640135 -0.631938852804282
-0.136444216858384 -0.625286314967713
-0.141392535650213 -0.630336537781528
-0.145955090425928 -0.633401224800489
-0.149637210575301 -0.632541465210972
-0.151663190351616 -0.624857805178402
-0.15674461836054 -0.629787364604125
-0.157686795730929 -0.618206174712055
-0.161785906461013 -0.61921346922575
-0.168486199456441 -0.6298542693296
-0.170827157168226 -0.624040930046918
-0.172836591048657 -0.617258870162819
-0.176974819880652 -0.618165765089115
-0.180848609057043 -0.618085577086323
-0.184441045402735 -0.617023095816313
-0.1868593692947 -0.61211402214521
-0.190119440001242 -0.610061962864113
-0.192755819359533 -0.606086787599792
-0.198747164358809 -0.612564743238894
-0.204820315048924 -0.618993245959323
-0.202024447137873 -0.59884064888636
-0.206805236431705 -0.601437938763782
-0.212284357755464 -0.605887243183375
-0.214460721357732 -0.600874861343626
-0.214536288744828 -0.590218756743291
-0.22213100600321 -0.600214808357809
-0.223151081443789 -0.592361878289334
-0.226951130520864 -0.591987486654323
-0.233661504606134 -0.59904198622901
-0.235667043891786 -0.593954581111474
-0.239492385962601 -0.593500966356367
-0.239524462462532 -0.583771386659226
-0.241376413820393 -0.578676444009263
-0.246690240523308 -0.581865899697303
-0.248488140553233 -0.576747469872558
-0.25424506723834 -0.58078864123274
-0.255587601930116 -0.574731222172254
-0.258514926969424 -0.572323363610113
-0.264758440561102 -0.577172390323423
-0.267689236275078 -0.574715993150065
-0.271882893593856 -0.574957122028271
-0.271328241237096 -0.565252143301716
-0.274173829338569 -0.562765236404866
-0.278329278924577 -0.562953650395239
-0.282944575106235 -0.564006531361076
-0.2834991066901 -0.557003820907824
-0.288569585202229 -0.558899449361165
-0.294599521906381 -0.56252655198891
-0.297866838454199 -0.560803304688284
-0.297804597336695 -0.552898202027398
-0.303412473113774 -0.555544661714054
-0.308092291373801 -0.556394769921538
-0.307407688622582 -0.54761712261006
-0.312566325964196 -0.549296178644312
-0.31375791738467 -0.544003648221622
