Nombre d'objet : 4
Nombre de balles : 1

Coordonnées des points (données brutes) (x, y)  : 
-0.170766888665339 0.299772696781344
-0.170979830933979 0.304248085308335
-0.165328409020044 0.298240703410686
-0.164070439044169 0.300074809059097
-0.160423579065794 0.297503403811992
-0.157751247414328 0.296665710757451
-0.153701061188301 0.293150104536209
-0.148778805680766 0.287820893925727
-0.149826102132634 0.294027446201441
-0.144522543280318 0.287745085942034
-0.141958998047832 0.286788498502391
-0.138973101684877 0.284913104310919
-0.136880202946978 0.284815396425815
-0.136932732355444 0.289222106364075
-0.131444118151442 0.281857133674828
-0.129802289039647 0.282616994818195
-0.125683603156869 0.277900399239559
-0.124471658553678 0.279540348101838
-0.120434729904366 0.27476440059233
-0.118438232069559 0.274542137356431
-0.11644840896898 0.27430597523312
-0.1152361650334 0.275901479279099
-0.11324922413529 0.275642183333311
-0.111643856172517 0.276296307211896
-0.109665466241651 0.276011748869503
-0.105147355653491 0.269193301549422
-0.103938045937342 0.270733970175017
-0.0991846546174359 0.262913301847624
-0.0973060488285094 0.262548153414538
-0.0933826925373752 0.256532011130132
-0.0888595254382935 0.248596027198508
-0.0850941618620881 0.242503574441675
-0.0810771540380738 0.235430446402088
-0.080026353521962 0.23684548284056
-0.0805347675058349 0.243002368759609
-0.0819013800512871 0.252026117586441
-0.0798268722156694 0.250592638503734
-0.0798576685768252 0.255825629618054
-0.0798302336395746 0.261067297448476
-0.0771628129858716 0.257695363350037
-0.0759437279995797 0.259099498605316
-0.0741595364991326 0.258575642987181
-0.0713036604283835 0.254188489136534
-0.0692948333294021 0.252670192293928
-0.0678238405724961 0.253069015586651
-0.0658440599210547 0.251524471519398
-0.0633893320659997 0.248027806062599
-0.0614614958973067 0.246451789447886
-0.0607357871178709 0.249720171718611
-0.0585900909408096 0.2471501593031
-0.0576014011093597 0.249435519904922
-0.0541754196311947 0.240985526345015
-0.0544818899024683 0.249111869794788
-0.0530318470712387 0.249424584185707
-0.0503663623816866 0.243852885036115
-0.0493401299308748 0.246102725662282
-0.0473350770006198 0.243440733003631
-0.0459181449427843 0.243711969269081
-0.0446790931461868 0.244958728433249
-0.0425585422771656 0.241275300184753
-0.0413222643681953 0.242504578240257
-0.040073119146762 0.243727604349301
-0.0375591655248235 0.237042842298769
-0.0366318615648269 0.240223035361506
-0.0347988428951298 0.237463766779608
-0.0335561289033406 0.238652438104081
-0.0321672842096738 0.238843601184068
-0.0305219372895233 0.237043057995999
-0.0287767004246049 0.234238983759477
-0.0279944071506872 0.23936857180566
-0.02604959255577 0.234557921903479
-0.0246846932841113 0.234705487616863
-0.0229237221063483 0.230864685399892
-0.0218594162100165 0.23398112300559
-0.0201490420004179 0.230119569151486
-0.0190543476346667 0.233222923050495
-0.0172435548496838 0.22734700309471
-0.0159905794251828 0.228441023832513
-0.014661433260686 0.228530178258239
-0.0132153561048402 0.226614991478989
-0.0120541066782151 0.229683909998481
-0.0106245988278033 0.227752317001931
-0.00938112476299367 0.22980860405603
-0.00783428800987021 0.223862957926001
-0.00650275082445416 0.222905168696724
-0.00522931323752588 0.223938952134424
-0.00389147999721884 0.221965890135019
-0.00258849273108511 0.220984840442464
-0.00135011256525082 0.228996020044151
-1.74358392094635E-05 0.221999999315296
0.00126823304936401 0.220996361021924
0.00255378048172924 0.220985244315658
0.0038218693619366 0.219966800482664
0.00512457259099808 0.220940577431489
0.00635172366473178 0.218907870133732
0.00759021850567515 0.217867823652407
0.00901998199990256 0.221816680898262
0.0100315169493898 0.215766931358107
0.0112864957344972 0.215704925799193
0.0126572138177418 0.217632247009426
0.0139868659647431 0.218552894239551
0.0149096283857275 0.2134799826246
0.0165285860907274 0.218375378286659
0.017310995010702 0.212295382549267
0.0186327249181078 0.213187292215381
0.0200582768113727 0.215066653694519
0.0210130538216785 0.211960967088488
0.0221412669996795 0.210840613487176
0.0236980542877185 0.213689967530009
0.0249407198290465 0.213548496820767
0.0256954243394079 0.209429570901575
0.0270408237767755 0.210268385282889
0.0279968918383653 0.208125380593984
0.0290680331116564 0.206968716116759
0.0304163490266206 0.207785576284522
0.0313233679387448 0.205627932492096
0.0323626650208973 0.204454537520558
0.0332272913847947 0.202289265921922
0.0344034761070716 0.202092555112132
0.0355784966323817 0.201889005588169
0.0367523131985995 0.201678624238049
0.0371848883070856 0.197530463679883
0.038524036455035 0.198292457282699
0.0388912007016813 0.194142922889251
0.0408283839463883 0.197830844572646
0.0423941335160644 0.199546329065263
0.0435542070635859 0.199296339773369
0.0447128067578374 0.199039606389875
0.0460947458109566 0.199750530433897
0.0472559446149217 0.199479010671678
0.0462899838191211 0.190455342266962
0.0476389297983588 0.191153164681276
0.0494924774745741 0.193779500137215
0.04985960114711 0.190585991545683
0.0517435784335157 0.193190584891952
0.0531308540834721 0.193850747598148
0.0537177371634828 0.191612642364837
0.0545559326626015 0.19033562517646
0.0562244650435263 0.191934388608632
0.0564799244170601 0.188730013876551
0.0581613759547187 0.190310941217403
0.0586718062365057 0.1880601477
0.0588546638665069 0.18485704893555
0.061164658839506 0.188315916770322
0.0613157663241163 0.185109094320313
0.0633514059552394 0.187591575939578
0.0621633445646483 0.180600992778381
0.0648676630904592 0.184954551945019
0.0642602678757013 0.179865555269882
0.0680407937393717 0.187006551722971
0.0677379903529978 0.182856677928199
0.0709174888572447 0.188073681769094
0.0695025188460445 0.181122610057539
0.0720097016441656 0.184441326359139
0.0752959941050862 0.189595657312415
0.0737761392340966 0.182663847763347
0.0748374738865248 0.182231590297302
0.0766667966443772 0.183638782103045
0.0738275349462502 0.17398418055605
0.0780061398301107 0.180897877679107
0.0794584352282301 0.181356987930108
0.0792921916666506 0.178150914509859
0.0807391148403793 0.178597859267103
0.080107767396871 0.174489958458041
0.0815439537150785 0.174927366676896
0.0808490614231484 0.170834508419687
0.0814084397512538 0.169459924280835
0.0837076153679267 0.171680037073083
0.0860353307717042 0.173879043760321
0.0883914176807745 0.176056687690025
0.0907757057946497 0.178212713456373
0.0849250454115951 0.164355519109759
0.0868081182125309 0.165630162145665
0.0934024536314461 0.175718472721639
0.0896781768441232 0.166369542278369
0.0906444560254809 0.165845055976489
0.0901535778766021 0.162690910612878
0.0920780030879505 0.163907416999156
0.095998959085491 0.168582916852516
0.0964781202184807 0.167155533318848
0.0969439402185959 0.165728309153546
0.0989262242984471 0.1668820006653
0.0988654793093703 0.164589237196508
0.102940660703534 0.16913669138871
0.10234822434041 0.165981447681255
0.0996033945135471 0.159446429252519
0.100529232978537 0.158864323612154
0.103070579203983 0.16080253636854
0.102915197969041 0.158522749241215
0.103286212467155 0.157085831042108
0.10807797898955 0.162308812014426
0.105106774848009 0.155873557350341
0.106011736266821 0.155259498175455
0.108050483813656 0.156285293446424
0.110678176722763 0.158111799677712
0.112752499962287 0.159097057648011
0.116590854975089 0.162500992415978
0.11165746612385 0.153729015669786
0.113142209174097 0.153882554252277
0.115229541182113 0.154826202042677
0.11492483726633 0.152555831679119
0.118842016965647 0.155860755174408
0.119746671515317 0.1551667962581
0.121878368527214 0.156043786435553
0.119683429442403 0.151409632180074
0.12118685139903 0.151491739207091
0.125212083298925 0.154670405042281
0.124208554282771 0.151618716004931
0.126364854123433 0.152433341636151
0.127249443611267 0.151695679241774
0.128129727039566 0.150952883539091
0.129657218431179 0.150963590672352
0.133156985415647 0.153226033150432
0.126782490975256 0.144188071566649
0.133601255181792 0.150172249812839
0.131127480337971 0.145676298347449
0.131299352498922 0.144171703303262
0.138911994146631 0.150759602951873
0.141150406999904 0.15141189716717
0.135167509524757 0.143313447969389
0.1353085485506 0.141801257713498
0.136825684914607 0.141731196098984
0.13904528144069 0.142363653047677
0.139168209747735 0.140841078509114
0.138571157276434 0.138614697529049
0.137241861926133 0.135696983514919
0.149471720627379 0.14607944664699
0.140249745124528 0.135480659108616
0.141758742282376 0.135353090051608
0.144725504455328 0.136585242102326
0.14624883670324 0.13642315698938
0.144099156997478 0.132858695434722
0.143391316782351 0.130671076644464
0.151579385889108 0.136527249197663
0.153864854169718 0.1369730143179
0.15240672716255 0.134093957789305
0.151674989216205 0.131892750544767
0.153956475336561 0.132311767057744
0.153961362807177 0.130766581214608
0.15778319799977 0.132440410860754
0.153932965075537 0.127689632559004
0.159313344768352 0.130595781626821
0.160847384929388 0.130296273014147
0.162383305309362 0.129983314916979
0.157646513135659 0.124693932876337
0.163884554644133 0.128085333856356
0.160669496542163 0.124073820288116
0.166158638479783 0.126776602173054
0.166094773012455 0.125205935873428
0.166018283693286 0.123640323032316
0.165123745586796 0.12148723654519
0.16987223826257 0.123464256639988
0.168962930552137 0.121307576429643
0.168850035404446 0.119744167055925
0.180191423244765 0.126218267255679
0.177633103082016 0.122892150642154
0.175867965990955 0.120164298101409
0.169103553169676 0.114105163359905
0.178086245977812 0.118664607164605
0.181279693449573 0.119275616715358
0.179454749557559 0.1165847025181
0.185180275017777 0.118778220833369
0.187557802422542 0.118768980590164
0.187397573097064 0.117145847546256
0.1821187034434 0.112377835252753
0.195580275814129 0.119119082066935
0.189413309763762 0.113857797643979
0.189212376520228 0.112243826429641
0.19331415266175 0.113162000603867
0.193969162118344 0.112035548586632
0.195486436358486 0.111400418310972
0.192644385465339 0.108301157651625
0.200267370003785 0.111058455381692
0.194768670695027 0.106532459446368
0.200665768630775 0.108246243813909
0.203057777814301 0.108016382410808
0.208110574136459 0.109155801186165
0.212295084385506 0.109780677469902
0.199566289029354 0.101731491107976
0.212664368450062 0.106854416809676
0.207009347807596 0.102509169932616
0.20760215643525 0.101303231159889
0.20278046094788 0.0974940237028155
0.215996693235007 0.102305564421211
0.211150805594519 0.098510594845355
0.209902942348096 0.0964456053618403
0.212282597574206 0.0960473777213512
0.203703061340044 0.0907417368177083
0.215217292164944 0.0943743458424442
0.215762640427559 0.093120797868831
0.220902829671764 0.0938186540247059
0.223290222937317 0.0933031421796885
0.221979375129871 0.0912422983980119
0.218797949567992 0.0884503095802509
0.22953079547325 0.0912393222761824
0.226332034456985 0.0884466515961003
0.241778858047603 0.0928654069134319
0.241379400101327 0.0911042546027557
0.231591491957687 0.0858742152966331
0.225509748963792 0.0821300987597587
0.236341282551571 0.0845209924331141
0.244377288196812 0.0857947609914045
0.235417707928059 0.0811141343657148
0.245358894147135 0.0829458441568647
0.23824382251133 0.0789992470545751
0.250111262650337 0.0813225448166398
0.242957887985919 0.0774368430749974
0.244358765324167 0.0763203367998909
0.250536064781238 0.0766529858774677
0.249061867140483 0.0746202809998475
0.256208815460444 0.0751401549130451
0.25183555985591 0.0722692935627612
0.257065663893865 0.0721543099669488
0.252659304369813 0.0693345218153428
0.255955973515128 0.06864065575097
0.255383573742645 0.0668971618414032
0.260612502063264 0.066649259323156
0.264876779731898 0.0661006169325181
0.270114998687145 0.0657410639117112
0.262708886987803 0.0623220723149496
0.275733166704181 0.0637198617330902
0.267318630379176 0.0601394201186002
0.268640823136179 0.0587971780336119
0.279737442169654 0.0595227977196946
0.288892635730599 0.059716371462336
0.27648917206238 0.0554773623405054
0.28269672924057 0.0550141734163459
0.288908054501555 0.0544806024574499
0.281350153692389 0.0513623501922298
0.284598485326472 0.0502464142987155
0.286857490038443 0.0489262752398405
0.286150522003119 0.0470943601436774
0.29530852057811 0.0468388479146091
0.293598895673768 0.0448183942053223
0.295833462502138 0.0434000283870419
0.305983293486358 0.0430723125364922
0.306228674408284 0.041291633173628
0.310430860243245 0.0400210070917612
0.31661352941921 0.038947053658921
0.308889034593086 0.0361740833767942
0.316051343362223 0.0351503678349747
0.31923396580535 0.0336255122814302
0.319424169078893 0.0317679116131117
0.316616614004558 0.0296297103645751
0.327741541257413 0.028748602300212
0.326906564514722 0.0267600089159534
0.335033693000157 0.0254641817986906
0.329190864814707 0.0230949025229596
0.331315518102786 0.0213079202242398
0.340418516615013 0.0199056159320506
0.348517490368998 0.018345541880678
0.347619405959904 0.0162710970768123
0.356700628549999 0.0146171677159358
0.359777771609664 0.0126473339318714
0.357846115380891 0.0104956041658577
0.348903601141196 0.00820226253572614
0.366942596115526 0.00649085171588773
0.367974075343623 0.00436805162578603
0.37199318564851 0.00225162853802433
0.375999989562893 8.85929120115037E-05
0.377994111938593 -0.00210981983942466
0.380975248337173 -0.0043428279299848
0.385942798496416 -0.00664501984605818
0.392895756610797 -0.00905121192048234
0.387838537360176 -0.0111923607125484
0.401758455595351 -0.0139335335661205
0.407665688139649 -0.0165132284434753
0.419549869750629 -0.0194398249022603
0.416433760365451 -0.0217237940491498
0.430276854192471 -0.0249565371442292
0.430124398102531 -0.0274590997109379
0.434945291530696 -0.030308305384468
0.446727540683828 -0.0337417307584975
0.445526996776066 -0.0362587250699701
0.454274479820229 -0.0396320196818227
0.447066393531499 -0.0416249897866517
0.466719438389946 -0.0461948679938912
0.469426461919183 -0.049221914327236
0.478077505244415 -0.0529424119140441
0.476768175327206 -0.0556067171766713
0.492317857130986 -0.0603251817233399
0.494934162714511 -0.0635702334279694
0.502484744353709 -0.0675135667239374
0.512976836419775 -0.0719636387126119
0.513539011588958 -0.0750911684303586
0.524956939740173 -0.0798824850554361
0.532385190236193 -0.0841843763246637
0.540767690491835 -0.0887372803286581
0.546157404947184 -0.0928875073481799
0.553486636907794 -0.0974502065903413
0.580457526468124 -0.105683773430488
0.577867391602658 -0.108688903400207
0.576243678843511 -0.11185804661667
0.580485987220634 -0.116189580602074
0.581759058074664 -0.119968322269169
0.580073140264718 -0.123142811172348
0.569577221748 -0.124381624309338
0.573722631933658 -0.128787971515652
0.56516832067739 -0.130325627958198
0.574131679915544 -0.135914731053536
0.563613849265021 -0.136892033795491
0.558926557192198 -0.139201665454392
0.55713840701928 -0.142203359397798
0.557269243484269 -0.14569485326006
0.562208247179084 -0.150485503633478
0.555536499529416 -0.152168320259518
0.55945651405365 -0.156746320157567
0.552767225561195 -0.158345806213424
0.555675615991353 -0.162682542986734
0.550887603814778 -0.164766040078689
0.545137902799646 -0.166507257893472
0.544160081571636 -0.169675589357899
0.548881360400892 -0.174657528336072
0.538344674483591 -0.174759867976479
0.538268288315163 -0.178202833294717
0.545749890445952 -0.184209275223132
0.5465602956762 -0.1880314952085
0.535076566542946 -0.187568835195541
0.532092882575987 -0.190005695472471
0.532858158363572 -0.193781276353991
0.529846325645926 -0.196183259223389
0.52963187877764 -0.199614811530776
0.526594372385341 -0.201976154464057
0.525410537032287 -0.205036015313027
0.524208922041162 -0.208088937842556
0.522062281605819 -0.210760466227721
0.522677609507427 -0.214553295289542
0.522343545770901 -0.217975274266331
0.518304875365859 -0.219838704899708
0.512425643511144 -0.220870912236515
0.512964149075277 -0.224650354469956
0.516216936603434 -0.229662958188223
0.520339888132769 -0.235132730214186
0.510783475299159 -0.234401880029393
0.516662688318364 -0.240748139140558
0.513445571629936 -0.242894308236336
0.509319579977936 -0.244578342154614
0.513281716764993 -0.250165703554228
0.507336013935632 -0.250930605873225
0.509442766016978 -0.255671797727029
0.504382325870397 -0.256816022377047
0.495772012156538 -0.256074426607301
0.494274000568821 -0.25895407384649
0.494525425221278 -0.262763398915667
0.498270543872711 -0.268481777982776
0.490557377838597 -0.26801951243915
0.493363760331622 -0.273291419534976
0.492637560553555 -0.276646405962272
0.492758055370865 -0.280496878533655
0.485921009577185 -0.280360076422249
0.491187872034363 -0.287220254101891
0.481766088787511 -0.285484562970372
0.480097231013985 -0.288282238045815
0.485246585939612 -0.295228302901248
0.479264641754575 -0.295422414795931
0.477538016334271 -0.298205370433749
0.47495012427611 -0.300443637726126
0.474878328354881 -0.304280418789763
0.474777909272444 -0.308126494912215
0.46879921213469 -0.308136818153713
0.467831242133282 -0.311412794990878
0.471816209064473 -0.318041608699286
0.469132193474997 -0.320217090495397
0.463148287680762 -0.320097896929015
0.465375004933452 -0.3256533506402
0.461840810320215 -0.327198817117004
0.463180017710431 -0.332211184630747
0.459621273893537 -0.333724863599466
0.457672169759967 -0.336392902759859
0.458916786519199 -0.341437231494885
0.45372756576005 -0.341694741062047
0.448550986705523 -0.341903513180988
0.448929783309263 -0.346339500574073
0.449272068677986 -0.350791402839071
0.448793067568708 -0.354638946679956
0.446722486295983 -0.357243642683163
0.443082114066265 -0.358578081029181
0.441762379299814 -0.361783084506955
0.442730220872279 -0.366899102651373
0.439822182284501 -0.368825769124798
0.438431715869278 -0.372025040178643
0.438536312431394 -0.376523442403092
0.432564043957795 -0.375788967207499
0.434126120712147 -0.381599936209929
0.431151721471581 -0.38345429072067
0.433373924519634 -0.389969282824238
0.429619186633651 -0.391137257847216
0.427336613642563 -0.393629798974248
0.424308014245662 -0.395427248741033
0.420545401200942 -0.396516790979573
0.423296777836484 -0.403788110118723
0.418062492774192 -0.40346592437953
0.417854912584024 -0.407986852765377
0.417608808955683 -0.412518948271005
0.413787400904756 -0.413527492257149
0.414890872786413 -0.419482495079984
0.411045546406302 -0.420458748011674
0.41137226249643 -0.425719228657302
0.407507448560055 -0.426658738769141
0.405018615926094 -0.429022051593285
0.403198308298455 -0.432101983547014
0.404067714222285 -0.438115603834396
0.402185971834679 -0.44119773804882
0.400282021634294 -0.44427278012091
0.397690847739407 -0.446593763530473
0.397728933343944 -0.451902307563358
0.394437119181241 -0.453453811332536
0.392444537974625 -0.456498942620772
0.391077333329291 -0.460298293887834
0.389679162206954 -0.464097134813054
0.3888885536339 -0.468664797966023
0.386155680497164 -0.470919091160862
0.385928030614219 -0.476265215175569
0.383150994804972 -0.478502157967924
0.382842957419203 -0.483859762694232
0.377558120666566 -0.482927391559778
0.377799098608956 -0.489072429288608
0.375554410345791 -0.492056790289317
0.374491919222666 -0.496628434986282
0.372791465454474 -0.500402361389618
0.371059736889623 -0.504173255597125
0.366356451136946 -0.503896765925663
0.365169020892243 -0.508456080876806
0.364519486678476 -0.513834159852827
0.362098116971455 -0.516764892079296
0.359654965993025 -0.51968481355198
0.360575765682976 -0.527547265372625
0.35582243575489 -0.527149309222214
0.356632376489484 -0.535034903571218
0.352964175851043 -0.536265130850211
0.352563269525637 -0.542501742837194
0.349941523665976 -0.545385120822282
0.347833272130969 -0.549101097065616
0.348344617940971 -0.557050291402454
0.34404775167501 -0.557365360035382
0.344441786489647 -0.56533517113286
0.339086006252051 -0.563901303743868
0.335289636459896 -0.565004300587695
0.3355345103097 -0.572985682535986
0.331695395006281 -0.574061987011531
0.332312373864584 -0.582931802337533
0.329405937132104 -0.585726667125649
0.327448430380075 -0.590256321814197
0.321609211966417 -0.587764846497594
0.321508971666133 -0.595786019589404
0.319447080769897 -0.600294563183435
0.315949672531504 -0.602142677799237
0.315198410115493 -0.609299566929655
0.312102988692119 -0.61201366361336
0.309884858425157 -0.616499289958083
0.307625056860422 -0.620979729453081
0.304884886521277 -0.624556007072951
0.301246592223348 -0.626319000728718
0.300595494861056 -0.63438659228363
0.297745956348053 -0.637936787995788
0.293612288663216 -0.638749421875236
0.294015256006967 -0.649556794464624
0.292674054900472 -0.656736551128469
0.288848768168249 -0.658427968063087
0.288581333306926 -0.668359793873627
0.283515334778279 -0.667266105047724
0.281943121648258 -0.674439823968926
0.278015033894509 -0.676068517924504
0.277077018829408 -0.685090742629477
0.274565199158897 -0.690407815288062
0.270908472334452 -0.692924670954508
0.270101345093669 -0.702889936888124
0.266714487581177 -0.706320311271246
0.262601203928638 -0.707859878574305
0.260875528333328 -0.715952483560751
0.25771696645792 -0.720282559277765
0.254185418777077 -0.723656529633446
0.25420830481814 -0.73741313912995
0.249273555082208 -0.736984867372918
0.248131057504243 -0.74791375057678
0.244085493595403 -0.75029545634789
0.240324429927626 -0.753608099996252
0.238024446387999 -0.761674709388258
0.233004205647154 -0.761134048739602
0.219958086197257 -0.733740035923106
0.215404514482997 -0.734047610949279
0.209474877249471 -0.729521264804062
0.203334854008309 -0.723988216164752
0.199649439989519 -0.727087409540195
0.194120620454115 -0.723407343558599
0.189909167249389 -0.72452433236893
0.185195449726293 -0.723679242068388
0.181224845063621 -0.725714513794279
0.177946713972224 -0.730642845025179
0.173924419756743 -0.73263858498736
0.170786166581619 -0.738509367106711
0.167805098548209 -0.745343846087982
0.16282459858479 -0.743376856039857
0.162038189493001 -0.760938647425553
0.16368641999533 -0.791246330739747
0.155930736308524 -0.776498297148347
0.151219915628302 -0.776410675556029
0.14688632251062 -0.778259859082624
0.140379408443856 -0.768280301507824
0.135385778687371 -0.766129682840454
0.130758510652077 -0.765918541290163
0.125650638171048 -0.762719422282669
0.120427625201034 -0.75849929933286
0.115711165781528 -0.757209961710409
0.11014195627221 -0.749955164972234
0.104661106185092 -0.74266146584572
0.100205376954138 -0.742266719198348
0.0962698602569237 -0.745812385259264
0.0919297291842541 -0.746359782472307
0.0870041302909528 -0.741915952997585
0.0824654383942843 -0.740421806452537
0.0778421729258293 -0.737905546878586
0.0732509836147219 -0.735360655324634
0.0691587044622963 -0.737765595292364
0.0643406119990539 -0.732178452050856
0.0596716220504121 -0.727557075095743
0.0554383040810733 -0.727891883757893
0.0505016976391669 -0.718226690213864
0.0467088344928645 -0.724495883204534
0.0424350122105765 -0.723757051598593
0.0377495852260782 -0.715004173984501
0.0337303990758642 -0.718208368217875
0.0295108014573143 -0.717393276102688
0.0250195219524889 -0.708558412215442
0.0211036287450042 -0.715688924641001
0.0169873205850452 -0.717799018485914
0.0125438394092129 -0.702888079350387
0.00843076852113953 -0.700949300693098
0.00437172846324884 -0.703986425998573
0.000273318553837478 -0.695999946334027
-0.00376999741529163 -0.694989774830888
-0.00783527596833442 -0.69695595875959
-0.0118382664037449 -0.693899023957055
-0.0158517064894234 -0.692818680032065
-0.0198816681817879 -0.692714745959915
-0.0239109570881314 -0.692587370756304
-0.0277781702684507 -0.6884398109178
-0.0319669711733971 -0.69226231498905
-0.0355259766791372 -0.68307679288715
-0.039556682454505 -0.683856906723324
-0.0435341110885027 -0.683615228891029
-0.0475100665492684 -0.683350417850523
-0.0505073378167736 -0.670099252966799
-0.0544855099914806 -0.670790823730445
-0.0591674812120162 -0.679428590189599
-0.0624709707522497 -0.672102951796279
-0.0660846165583375 -0.668742718430891
-0.0700778023442496 -0.669341543323437
-0.073750454012378 -0.666934682358751
-0.0769347171615311 -0.660534669260649
-0.0799255723776071 -0.653127784495586
-0.0856321539197525 -0.66752987514797
-0.0880507473002903 -0.656118179827278
-0.092421076644115 -0.659556172431085
-0.0956781342043522 -0.655049383356075
-0.0990361880109066 -0.651515796787974
-0.104072725776755 -0.658830682155436
-0.105638640831343 -0.644398539386385
-0.109552928272036 -0.64475899055928
-0.112608757192249 -0.640171280052157
-0.116330823977624 -0.639505386523591
-0.122080551870461 -0.649628616099232
-0.123191808044791 -0.63516358399286
-0.127276789563424 -0.636397374946211
-0.130169402689011 -0.631728522866893
-0.134257073709237 -0.632917086322555
-0.139855322279844 -0.640918472841906
-0.143143526803776 -0.638142563017212
-0.144832358961113 -0.628528907686639
-0.149637210575301 -0.632541465210972
-0.151191454145234 -0.622914235022326
-0.156020066965961 -0.626876174937234
-0.159664059627242 -0.625957976275843
-0.162797068376394 -0.623083553408411
-0.164868397627622 -0.616329791153811
-0.170827157168226 -0.624040930046918
-0.171758047578774 -0.613407020739026
-0.17862621788887 -0.623934030393212
-0.179444504949458 -0.613286776021988
-0.183581847986263 -0.614148764624622
-0.186275433765654 -0.610201165826006
-0.18922686047072 -0.607197822193389
-0.193665044922549 -0.6089456875413
-0.198438550749557 -0.611613555749393
-0.20167889917394 -0.609499484518229
-0.203303082879251 -0.602630779575514
-0.208756229228231 -0.607111881582308
-0.211292374775298 -0.603055994383453
-0.213116140032605 -0.597107620833634
-0.220343799745882 -0.606196016081883
-0.22074268721569 -0.596463465805573
-0.224561198862075 -0.596105081311699
-0.228025031769386 -0.594788689272561
-0.22966418493169 -0.588793989575015
-0.234929431860826 -0.592095568338043
-0.235376110578868 -0.583300168497116
-0.244079602794624 -0.594873219686026
-0.243301265605245 -0.583291088698332
-0.247861238500476 -0.584627921373082
-0.247301095295813 -0.573992306799918
-0.251437945044857 -0.574376148348466
-0.255181262340402 -0.573817500038435
-0.259749870888067 -0.575057392417168
-0.264758440561102 -0.577172390323423
-0.263467008573578 -0.565651072122461
-0.270172938288234 -0.571341039499791
-0.272193722070388 -0.567055180441435
-0.277239670880694 -0.569058138409393
-0.279215677902044 -0.564746496415606
-0.282944575106235 -0.564006531361076
-0.285767099543621 -0.561459851475086
-0.29086346107824 -0.563342211279776
-0.29367164939644 -0.560754814817291
-0.29364510373595 -0.552854911393489
-0.295433541625416 -0.548496146278772
-0.299098551695095 -0.547645922447978
-0.30615460400667 -0.55289543174593
-0.307897191311472 -0.548489124397656
-0.311577192021271 -0.547557899597969
-0.314257531902799 -0.544869896069109

Coordonnées des points (filtrage des pics) (x, y)  : 
-0.170766888665339 0.299772696781344
-0.170979830933979 0.304248085308335
-0.165328409020044 0.298240703410686
-0.164070439044169 0.300074809059097
-0.160423579065794 0.297503403811992
-0.157751247414328 0.296665710757451
-0.153701061188301 0.293150104536209
-0.148778805680766 0.287820893925727
-0.149826102132634 0.294027446201441
-0.144522543280318 0.287745085942034
-0.141958998047832 0.286788498502391
-0.138973101684877 0.284913104310919
-0.136880202946978 0.284815396425815
-0.136932732355444 0.289222106364075
-0.131444118151442 0.281857133674828
-0.129802289039647 0.282616994818195
-0.125683603156869 0.277900399239559
-0.124471658553678 0.279540348101838
-0.120434729904366 0.27476440059233
-0.118438232069559 0.274542137356431
-0.11644840896898 0.27430597523312
-0.1152361650334 0.275901479279099
-0.11324922413529 0.275642183333311
-0.111643856172517 0.276296307211896
-0.109665466241651 0.276011748869503
-0.105147355653491 0.269193301549422
-0.103938045937342 0.270733970175017
-0.0991846546174359 0.262913301847624
-0.0973060488285094 0.262548153414538
-0.0933826925373752 0.256532011130132
-0.0888595254382935 0.248596027198508
-0.0850941618620881 0.242503574441675
-0.0810771540380738 0.235430446402088
-0.080026353521962 0.23684548284056
-0.0805347675058349 0.243002368759609
-0.0819013800512871 0.252026117586441
-0.0798268722156694 0.250592638503734
-0.0798576685768252 0.255825629618054
-0.0798302336395746 0.261067297448476
-0.0771628129858716 0.257695363350037
-0.0759437279995797 0.259099498605316
-0.0741595364991326 0.258575642987181
-0.0713036604283835 0.254188489136534
-0.0692948333294021 0.252670192293928
-0.0678238405724961 0.253069015586651
-0.0658440599210547 0.251524471519398
-0.0633893320659997 0.248027806062599
-0.0614614958973067 0.246451789447886
-0.0607357871178709 0.249720171718611
-0.0585900909408096 0.2471501593031
-0.0576014011093597 0.249435519904922
-0.0541754196311947 0.240985526345015
-0.0544818899024683 0.249111869794788
-0.0530318470712387 0.249424584185707
-0.0503663623816866 0.243852885036115
-0.0493401299308748 0.246102725662282
-0.0473350770006198 0.243440733003631
-0.0459181449427843 0.243711969269081
-0.0446790931461868 0.244958728433249
-0.0425585422771656 0.241275300184753
-0.0413222643681953 0.242504578240257
-0.040073119146762 0.243727604349301
-0.0375591655248235 0.237042842298769
-0.0366318615648269 0.240223035361506
-0.0347988428951298 0.237463766779608
-0.0335561289033406 0.238652438104081
-0.0321672842096738 0.238843601184068
-0.0305219372895233 0.237043057995999
-0.0287767004246049 0.234238983759477
-0.0279944071506872 0.23936857180566
-0.02604959255577 0.234557921903479
-0.0246846932841113 0.234705487616863
-0.0229237221063483 0.230864685399892
-0.0218594162100165 0.23398112300559
-0.0201490420004179 0.230119569151486
-0.0190543476346667 0.233222923050495
-0.0172435548496838 0.22734700309471
-0.0159905794251828 0.228441023832513
-0.014661433260686 0.228530178258239
-0.0132153561048402 0.226614991478989
-0.0120541066782151 0.229683909998481
-0.0106245988278033 0.227752317001931
-0.00938112476299367 0.22980860405603
-0.00783428800987021 0.223862957926001
-0.00650275082445416 0.222905168696724
-0.00522931323752588 0.223938952134424
-0.00389147999721884 0.221965890135019
-0.00258849273108511 0.220984840442464
-0.00135011256525082 0.228996020044151
-1.74358392094635E-05 0.221999999315296
0.00126823304936401 0.220996361021924
0.00255378048172924 0.220985244315658
0.0038218693619366 0.219966800482664
0.00512457259099808 0.220940577431489
0.00635172366473178 0.218907870133732
0.00759021850567515 0.217867823652407
0.00901998199990256 0.221816680898262
0.0100315169493898 0.215766931358107
0.0112864957344972 0.215704925799193
0.0126572138177418 0.217632247009426
0.0139868659647431 0.218552894239551
0.0149096283857275 0.2134799826246
0.0165285860907274 0.218375378286659
0.017310995010702 0.212295382549267
0.0186327249181078 0.213187292215381
0.0200582768113727 0.215066653694519
0.0210130538216785 0.211960967088488
0.0221412669996795 0.210840613487176
0.0236980542877185 0.213689967530009
0.0249407198290465 0.213548496820767
0.0256954243394079 0.209429570901575
0.0270408237767755 0.210268385282889
0.0279968918383653 0.208125380593984
0.0290680331116564 0.206968716116759
0.0304163490266206 0.207785576284522
0.0313233679387448 0.205627932492096
0.0323626650208973 0.204454537520558
0.0332272913847947 0.202289265921922
0.0344034761070716 0.202092555112132
0.0355784966323817 0.201889005588169
0.0367523131985995 0.201678624238049
0.0371848883070856 0.197530463679883
0.038524036455035 0.198292457282699
0.0388912007016813 0.194142922889251
0.0408283839463883 0.197830844572646
0.0423941335160644 0.199546329065263
0.0435542070635859 0.199296339773369
0.0447128067578374 0.199039606389875
0.0460947458109566 0.199750530433897
0.0472559446149217 0.199479010671678
0.0462899838191211 0.190455342266962
0.0476389297983588 0.191153164681276
0.0494924774745741 0.193779500137215
0.04985960114711 0.190585991545683
0.0517435784335157 0.193190584891952
0.0531308540834721 0.193850747598148
0.0537177371634828 0.191612642364837
0.0545559326626015 0.19033562517646
0.0562244650435263 0.191934388608632
0.0564799244170601 0.188730013876551
0.0581613759547187 0.190310941217403
0.0586718062365057 0.1880601477
0.0588546638665069 0.18485704893555
0.061164658839506 0.188315916770322
0.0613157663241163 0.185109094320313
0.0633514059552394 0.187591575939578
0.0621633445646483 0.180600992778381
0.0648676630904592 0.184954551945019
0.0642602678757013 0.179865555269882
0.0680407937393717 0.187006551722971
0.0677379903529978 0.182856677928199
0.0709174888572447 0.188073681769094
0.0695025188460445 0.181122610057539
0.0720097016441656 0.184441326359139
0.0752959941050862 0.189595657312415
0.0737761392340966 0.182663847763347
0.0748374738865248 0.182231590297302
0.0766667966443772 0.183638782103045
0.0738275349462502 0.17398418055605
0.0780061398301107 0.180897877679107
0.0794584352282301 0.181356987930108
0.0792921916666506 0.178150914509859
0.0807391148403793 0.178597859267103
0.080107767396871 0.174489958458041
0.0815439537150785 0.174927366676896
0.0808490614231484 0.170834508419687
0.0814084397512538 0.169459924280835
0.0837076153679267 0.171680037073083
0.0860353307717042 0.173879043760321
0.0883914176807745 0.176056687690025
0.0907757057946497 0.178212713456373
0.0849250454115951 0.164355519109759
0.0868081182125309 0.165630162145665
0.0934024536314461 0.175718472721639
0.0896781768441232 0.166369542278369
0.0906444560254809 0.165845055976489
0.0901535778766021 0.162690910612878
0.0920780030879505 0.163907416999156
0.095998959085491 0.168582916852516
0.0964781202184807 0.167155533318848
0.0969439402185959 0.165728309153546
0.0989262242984471 0.1668820006653
0.0988654793093703 0.164589237196508
0.102940660703534 0.16913669138871
0.10234822434041 0.165981447681255
0.0996033945135471 0.159446429252519
0.100529232978537 0.158864323612154
0.103070579203983 0.16080253636854
0.102915197969041 0.158522749241215
0.103286212467155 0.157085831042108
0.10807797898955 0.162308812014426
0.105106774848009 0.155873557350341
0.106011736266821 0.155259498175455
0.108050483813656 0.156285293446424
0.110678176722763 0.158111799677712
0.112752499962287 0.159097057648011
0.116590854975089 0.162500992415978
0.11165746612385 0.153729015669786
0.113142209174097 0.153882554252277
0.115229541182113 0.154826202042677
0.11492483726633 0.152555831679119
0.118842016965647 0.155860755174408
0.119746671515317 0.1551667962581
0.121878368527214 0.156043786435553
0.119683429442403 0.151409632180074
0.12118685139903 0.151491739207091
0.125212083298925 0.154670405042281
0.124208554282771 0.151618716004931
0.126364854123433 0.152433341636151
0.127249443611267 0.151695679241774
0.128129727039566 0.150952883539091
0.129657218431179 0.150963590672352
0.133156985415647 0.153226033150432
0.126782490975256 0.144188071566649
0.133601255181792 0.150172249812839
0.131127480337971 0.145676298347449
0.131299352498922 0.144171703303262
0.138911994146631 0.150759602951873
0.141150406999904 0.15141189716717
0.135167509524757 0.143313447969389
0.1353085485506 0.141801257713498
0.136825684914607 0.141731196098984
0.13904528144069 0.142363653047677
0.139168209747735 0.140841078509114
0.138571157276434 0.138614697529049
0.137241861926133 0.135696983514919
0.149471720627379 0.14607944664699
0.140249745124528 0.135480659108616
0.141758742282376 0.135353090051608
0.144725504455328 0.136585242102326
0.14624883670324 0.13642315698938
0.144099156997478 0.132858695434722
0.143391316782351 0.130671076644464
0.151579385889108 0.136527249197663
0.153864854169718 0.1369730143179
0.15240672716255 0.134093957789305
0.151674989216205 0.131892750544767
0.153956475336561 0.132311767057744
0.153961362807177 0.130766581214608
0.15778319799977 0.132440410860754
0.153932965075537 0.127689632559004
0.159313344768352 0.130595781626821
0.160847384929388 0.130296273014147
0.162383305309362 0.129983314916979
0.157646513135659 0.124693932876337
0.163884554644133 0.128085333856356
0.160669496542163 0.124073820288116
0.166158638479783 0.126776602173054
0.166094773012455 0.125205935873428
0.166018283693286 0.123640323032316
0.165123745586796 0.12148723654519
0.16987223826257 0.123464256639988
0.168962930552137 0.121307576429643
0.168850035404446 0.119744167055925
0.180191423244765 0.126218267255679
0.177633103082016 0.122892150642154
0.175867965990955 0.120164298101409
0.169103553169676 0.114105163359905
0.178086245977812 0.118664607164605
0.181279693449573 0.119275616715358
0.179454749557559 0.1165847025181
0.185180275017777 0.118778220833369
0.187557802422542 0.118768980590164
0.187397573097064 0.117145847546256
0.1821187034434 0.112377835252753
0.195580275814129 0.119119082066935
0.189413309763762 0.113857797643979
0.189212376520228 0.112243826429641
0.19331415266175 0.113162000603867
0.193969162118344 0.112035548586632
0.195486436358486 0.111400418310972
0.192644385465339 0.108301157651625
0.200267370003785 0.111058455381692
0.194768670695027 0.106532459446368
0.200665768630775 0.108246243813909
0.203057777814301 0.108016382410808
0.208110574136459 0.109155801186165
0.212295084385506 0.109780677469902
0.199566289029354 0.101731491107976
0.212664368450062 0.106854416809676
0.207009347807596 0.102509169932616
0.20760215643525 0.101303231159889
0.20278046094788 0.0974940237028155
0.215996693235007 0.102305564421211
0.211150805594519 0.098510594845355
0.209902942348096 0.0964456053618403
0.212282597574206 0.0960473777213512
0.203703061340044 0.0907417368177083
0.215217292164944 0.0943743458424442
0.215762640427559 0.093120797868831
0.220902829671764 0.0938186540247059
0.223290222937317 0.0933031421796885
0.221979375129871 0.0912422983980119
0.218797949567992 0.0884503095802509
0.22953079547325 0.0912393222761824
0.226332034456985 0.0884466515961003
0.241778858047603 0.0928654069134319
0.241379400101327 0.0911042546027557
0.231591491957687 0.0858742152966331
0.225509748963792 0.0821300987597587
0.236341282551571 0.0845209924331141
0.244377288196812 0.0857947609914045
0.235417707928059 0.0811141343657148
0.245358894147135 0.0829458441568647
0.23824382251133 0.0789992470545751
0.250111262650337 0.0813225448166398
0.242957887985919 0.0774368430749974
0.244358765324167 0.0763203367998909
0.250536064781238 0.0766529858774677
0.249061867140483 0.0746202809998475
0.256208815460444 0.0751401549130451
0.25183555985591 0.0722692935627612
0.257065663893865 0.0721543099669488
0.252659304369813 0.0693345218153428
0.255955973515128 0.06864065575097
0.255383573742645 0.0668971618414032
0.260612502063264 0.066649259323156
0.264876779731898 0.0661006169325181
0.270114998687145 0.0657410639117112
0.262708886987803 0.0623220723149496
0.275733166704181 0.0637198617330902
0.267318630379176 0.0601394201186002
0.268640823136179 0.0587971780336119
0.279737442169654 0.0595227977196946
0.288892635730599 0.059716371462336
0.27648917206238 0.0554773623405054
0.28269672924057 0.0550141734163459
0.288908054501555 0.0544806024574499
0.281350153692389 0.0513623501922298
0.284598485326472 0.0502464142987155
0.286857490038443 0.0489262752398405
0.286150522003119 0.0470943601436774
0.29530852057811 0.0468388479146091
0.293598895673768 0.0448183942053223
0.295833462502138 0.0434000283870419
0.305983293486358 0.0430723125364922
0.306228674408284 0.041291633173628
0.310430860243245 0.0400210070917612
0.31661352941921 0.038947053658921
0.308889034593086 0.0361740833767942
0.316051343362223 0.0351503678349747
0.31923396580535 0.0336255122814302
0.319424169078893 0.0317679116131117
0.316616614004558 0.0296297103645751
0.327741541257413 0.028748602300212
0.326906564514722 0.0267600089159534
0.335033693000157 0.0254641817986906
0.329190864814707 0.0230949025229596
0.331315518102786 0.0213079202242398
0.340418516615013 0.0199056159320506
0.348517490368998 0.018345541880678
0.347619405959904 0.0162710970768123
0.356700628549999 0.0146171677159358
0.359777771609664 0.0126473339318714
0.357846115380891 0.0104956041658577
0.348903601141196 0.00820226253572614
0.366942596115526 0.00649085171588773
0.367974075343623 0.00436805162578603
0.37199318564851 0.00225162853802433
0.375999989562893 8.85929120115037E-05
0.377994111938593 -0.00210981983942466
0.380975248337173 -0.0043428279299848
0.385942798496416 -0.00664501984605818
0.392895756610797 -0.00905121192048234
0.387838537360176 -0.0111923607125484
0.401758455595351 -0.0139335335661205
0.407665688139649 -0.0165132284434753
0.419549869750629 -0.0194398249022603
0.416433760365451 -0.0217237940491498
0.430276854192471 -0.0249565371442292
0.430124398102531 -0.0274590997109379
0.434945291530696 -0.030308305384468
0.446727540683828 -0.0337417307584975
0.445526996776066 -0.0362587250699701
0.454274479820229 -0.0396320196818227
0.447066393531499 -0.0416249897866517
0.466719438389946 -0.0461948679938912
0.469426461919183 -0.049221914327236
0.478077505244415 -0.0529424119140441
0.476768175327206 -0.0556067171766713
0.492317857130986 -0.0603251817233399
0.494934162714511 -0.0635702334279694
0.502484744353709 -0.0675135667239374
0.512976836419775 -0.0719636387126119
0.513539011588958 -0.0750911684303586
0.524956939740173 -0.0798824850554361
0.532385190236193 -0.0841843763246637
0.540767690491835 -0.0887372803286581
0.546157404947184 -0.0928875073481799
0.553486636907794 -0.0974502065903413
0.580457526468124 -0.105683773430488
0.577867391602658 -0.108688903400207
0.576243678843511 -0.11185804661667
0.580485987220634 -0.116189580602074
0.581759058074664 -0.119968322269169
0.580073140264718 -0.123142811172348
0.569577221748 -0.124381624309338
0.573722631933658 -0.128787971515652
0.56516832067739 -0.130325627958198
0.574131679915544 -0.135914731053536
0.563613849265021 -0.136892033795491
0.558926557192198 -0.139201665454392
0.55713840701928 -0.142203359397798
0.557269243484269 -0.14569485326006
0.562208247179084 -0.150485503633478
0.555536499529416 -0.152168320259518
0.55945651405365 -0.156746320157567
0.552767225561195 -0.158345806213424
0.555675615991353 -0.162682542986734
0.550887603814778 -0.164766040078689
0.545137902799646 -0.166507257893472
0.544160081571636 -0.169675589357899
0.548881360400892 -0.174657528336072
0.538344674483591 -0.174759867976479
0.538268288315163 -0.178202833294717
0.545749890445952 -0.184209275223132
0.5465602956762 -0.1880314952085
0.535076566542946 -0.187568835195541
0.532092882575987 -0.190005695472471
0.532858158363572 -0.193781276353991
0.529846325645926 -0.196183259223389
0.52963187877764 -0.199614811530776
0.526594372385341 -0.201976154464057
0.525410537032287 -0.205036015313027
0.524208922041162 -0.208088937842556
0.522062281605819 -0.210760466227721
0.522677609507427 -0.214553295289542
0.522343545770901 -0.217975274266331
0.518304875365859 -0.219838704899708
0.512425643511144 -0.220870912236515
0.512964149075277 -0.224650354469956
0.516216936603434 -0.229662958188223
0.520339888132769 -0.235132730214186
0.510783475299159 -0.234401880029393
0.516662688318364 -0.240748139140558
0.513445571629936 -0.242894308236336
0.509319579977936 -0.244578342154614
0.513281716764993 -0.250165703554228
0.507336013935632 -0.250930605873225
0.509442766016978 -0.255671797727029
0.504382325870397 -0.256816022377047
0.495772012156538 -0.256074426607301
0.494274000568821 -0.25895407384649
0.494525425221278 -0.262763398915667
0.498270543872711 -0.268481777982776
0.490557377838597 -0.26801951243915
0.493363760331622 -0.273291419534976
0.492637560553555 -0.276646405962272
0.492758055370865 -0.280496878533655
0.485921009577185 -0.280360076422249
0.491187872034363 -0.287220254101891
0.481766088787511 -0.285484562970372
0.480097231013985 -0.288282238045815
0.485246585939612 -0.295228302901248
0.479264641754575 -0.295422414795931
0.477538016334271 -0.298205370433749
0.47495012427611 -0.300443637726126
0.474878328354881 -0.304280418789763
0.474777909272444 -0.308126494912215
0.46879921213469 -0.308136818153713
0.467831242133282 -0.311412794990878
0.471816209064473 -0.318041608699286
0.469132193474997 -0.320217090495397
0.463148287680762 -0.320097896929015
0.465375004933452 -0.3256533506402
0.461840810320215 -0.327198817117004
0.463180017710431 -0.332211184630747
0.459621273893537 -0.333724863599466
0.457672169759967 -0.336392902759859
0.458916786519199 -0.341437231494885
0.45372756576005 -0.341694741062047
0.448550986705523 -0.341903513180988
0.448929783309263 -0.346339500574073
0.449272068677986 -0.350791402839071
0.448793067568708 -0.354638946679956
0.446722486295983 -0.357243642683163
0.443082114066265 -0.358578081029181
0.441762379299814 -0.361783084506955
0.442730220872279 -0.366899102651373
0.439822182284501 -0.368825769124798
0.438431715869278 -0.372025040178643
0.438536312431394 -0.376523442403092
0.432564043957795 -0.375788967207499
0.434126120712147 -0.381599936209929
0.431151721471581 -0.38345429072067
0.433373924519634 -0.389969282824238
0.429619186633651 -0.391137257847216
0.427336613642563 -0.393629798974248
0.424308014245662 -0.395427248741033
0.420545401200942 -0.396516790979573
0.423296777836484 -0.403788110118723
0.418062492774192 -0.40346592437953
0.417854912584024 -0.407986852765377
0.417608808955683 -0.412518948271005
0.413787400904756 -0.413527492257149
0.414890872786413 -0.419482495079984
0.411045546406302 -0.420458748011674
0.41137226249643 -0.425719228657302
0.407507448560055 -0.426658738769141
0.405018615926094 -0.429022051593285
0.403198308298455 -0.432101983547014
0.404067714222285 -0.438115603834396
0.402185971834679 -0.44119773804882
0.400282021634294 -0.44427278012091
0.397690847739407 -0.446593763530473
0.397728933343944 -0.451902307563358
0.394437119181241 -0.453453811332536
0.392444537974625 -0.456498942620772
0.391077333329291 -0.460298293887834
0.389679162206954 -0.464097134813054
0.3888885536339 -0.468664797966023
0.386155680497164 -0.470919091160862
0.385928030614219 -0.476265215175569
0.383150994804972 -0.478502157967924
0.382842957419203 -0.483859762694232
0.377558120666566 -0.482927391559778
0.377799098608956 -0.489072429288608
0.375554410345791 -0.492056790289317
0.374491919222666 -0.496628434986282
0.372791465454474 -0.500402361389618
0.371059736889623 -0.504173255597125
0.366356451136946 -0.503896765925663
0.365169020892243 -0.508456080876806
0.364519486678476 -0.513834159852827
0.362098116971455 -0.516764892079296
0.359654965993025 -0.51968481355198
0.360575765682976 -0.527547265372625
0.35582243575489 -0.527149309222214
0.356632376489484 -0.535034903571218
0.352964175851043 -0.536265130850211
0.352563269525637 -0.542501742837194
0.349941523665976 -0.545385120822282
0.347833272130969 -0.549101097065616
0.348344617940971 -0.557050291402454
0.34404775167501 -0.557365360035382
0.344441786489647 -0.56533517113286
0.339086006252051 -0.563901303743868
0.335289636459896 -0.565004300587695
0.3355345103097 -0.572985682535986
0.331695395006281 -0.574061987011531
0.332312373864584 -0.582931802337533
0.329405937132104 -0.585726667125649
0.327448430380075 -0.590256321814197
0.321609211966417 -0.587764846497594
0.321508971666133 -0.595786019589404
0.319447080769897 -0.600294563183435
0.315949672531504 -0.602142677799237
0.315198410115493 -0.609299566929655
0.312102988692119 -0.61201366361336
0.309884858425157 -0.616499289958083
0.307625056860422 -0.620979729453081
0.304884886521277 -0.624556007072951
0.301246592223348 -0.626319000728718
0.300595494861056 -0.63438659228363
0.297745956348053 -0.637936787995788
0.293612288663216 -0.638749421875236
0.294015256006967 -0.649556794464624
0.292674054900472 -0.656736551128469
0.288848768168249 -0.658427968063087
0.288581333306926 -0.668359793873627
0.283515334778279 -0.667266105047724
0.281943121648258 -0.674439823968926
0.278015033894509 -0.676068517924504
0.277077018829408 -0.685090742629477
0.274565199158897 -0.690407815288062
0.270908472334452 -0.692924670954508
0.270101345093669 -0.702889936888124
0.266714487581177 -0.706320311271246
0.262601203928638 -0.707859878574305
0.260875528333328 -0.715952483560751
0.25771696645792 -0.720282559277765
0.254185418777077 -0.723656529633446
0.25420830481814 -0.73741313912995
0.249273555082208 -0.736984867372918
0.248131057504243 -0.74791375057678
0.244085493595403 -0.75029545634789
0.240324429927626 -0.753608099996252
0.238024446387999 -0.761674709388258
0.233004205647154 -0.761134048739602
0.219958086197257 -0.733740035923106
0.215404514482997 -0.734047610949279
0.209474877249471 -0.729521264804062
0.203334854008309 -0.723988216164752
0.199649439989519 -0.727087409540195
0.194120620454115 -0.723407343558599
0.189909167249389 -0.72452433236893
0.185195449726293 -0.723679242068388
0.181224845063621 -0.725714513794279
0.177946713972224 -0.730642845025179
0.173924419756743 -0.73263858498736
0.170786166581619 -0.738509367106711
0.167805098548209 -0.745343846087982
0.16282459858479 -0.743376856039857
0.162038189493001 -0.760938647425553
0.16368641999533 -0.791246330739747
0.155930736308524 -0.776498297148347
0.151219915628302 -0.776410675556029
0.14688632251062 -0.778259859082624
0.140379408443856 -0.768280301507824
0.135385778687371 -0.766129682840454
0.130758510652077 -0.765918541290163
0.125650638171048 -0.762719422282669
0.120427625201034 -0.75849929933286
0.115711165781528 -0.757209961710409
0.11014195627221 -0.749955164972234
0.104661106185092 -0.74266146584572
0.100205376954138 -0.742266719198348
0.0962698602569237 -0.745812385259264
0.0919297291842541 -0.746359782472307
0.0870041302909528 -0.741915952997585
0.0824654383942843 -0.740421806452537
0.0778421729258293 -0.737905546878586
0.0732509836147219 -0.735360655324634
0.0691587044622963 -0.737765595292364
0.0643406119990539 -0.732178452050856
0.0596716220504121 -0.727557075095743
0.0554383040810733 -0.727891883757893
0.0505016976391669 -0.718226690213864
0.0467088344928645 -0.724495883204534
0.0424350122105765 -0.723757051598593
0.0377495852260782 -0.715004173984501
0.0337303990758642 -0.718208368217875
0.0295108014573143 -0.717393276102688
0.0250195219524889 -0.708558412215442
0.0211036287450042 -0.715688924641001
0.0169873205850452 -0.717799018485914
0.0125438394092129 -0.702888079350387
0.00843076852113953 -0.700949300693098
0.00437172846324884 -0.703986425998573
0.000273318553837478 -0.695999946334027
-0.00376999741529163 -0.694989774830888
-0.00783527596833442 -0.69695595875959
-0.0118382664037449 -0.693899023957055
-0.0158517064894234 -0.692818680032065
-0.0198816681817879 -0.692714745959915
-0.0239109570881314 -0.692587370756304
-0.0277781702684507 -0.6884398109178
-0.0319669711733971 -0.69226231498905
-0.0355259766791372 -0.68307679288715
-0.039556682454505 -0.683856906723324
-0.0435341110885027 -0.683615228891029
-0.0475100665492684 -0.683350417850523
-0.0505073378167736 -0.670099252966799
-0.0544855099914806 -0.670790823730445
-0.0591674812120162 -0.679428590189599
-0.0624709707522497 -0.672102951796279
-0.0660846165583375 -0.668742718430891
-0.0700778023442496 -0.669341543323437
-0.073750454012378 -0.666934682358751
-0.0769347171615311 -0.660534669260649
-0.0799255723776071 -0.653127784495586
-0.0856321539197525 -0.66752987514797
-0.0880507473002903 -0.656118179827278
-0.092421076644115 -0.659556172431085
-0.0956781342043522 -0.655049383356075
-0.0990361880109066 -0.651515796787974
-0.104072725776755 -0.658830682155436
-0.105638640831343 -0.644398539386385
-0.109552928272036 -0.64475899055928
-0.112608757192249 -0.640171280052157
-0.116330823977624 -0.639505386523591
-0.122080551870461 -0.649628616099232
-0.123191808044791 -0.63516358399286
-0.127276789563424 -0.636397374946211
-0.130169402689011 -0.631728522866893
-0.134257073709237 -0.632917086322555
-0.139855322279844 -0.640918472841906
-0.143143526803776 -0.638142563017212
-0.144832358961113 -0.628528907686639
-0.149637210575301 -0.632541465210972
-0.151191454145234 -0.622914235022326
-0.156020066965961 -0.626876174937234
-0.159664059627242 -0.625957976275843
-0.162797068376394 -0.623083553408411
-0.164868397627622 -0.616329791153811
-0.170827157168226 -0.624040930046918
-0.171758047578774 -0.613407020739026
-0.17862621788887 -0.623934030393212
-0.179444504949458 -0.613286776021988
-0.183581847986263 -0.614148764624622
-0.186275433765654 -0.610201165826006
-0.18922686047072 -0.607197822193389
-0.193665044922549 -0.6089456875413
-0.198438550749557 -0.611613555749393
-0.20167889917394 -0.609499484518229
-0.203303082879251 -0.602630779575514
-0.208756229228231 -0.607111881582308
-0.211292374775298 -0.603055994383453
-0.213116140032605 -0.597107620833634
-0.220343799745882 -0.606196016081883
-0.22074268721569 -0.596463465805573
-0.224561198862075 -0.596105081311699
-0.228025031769386 -0.594788689272561
-0.22966418493169 -0.588793989575015
-0.234929431860826 -0.592095568338043
-0.235376110578868 -0.583300168497116
-0.244079602794624 -0.594873219686026
-0.243301265605245 -0.583291088698332
-0.247861238500476 -0.584627921373082
-0.247301095295813 -0.573992306799918
-0.251437945044857 -0.574376148348466
-0.255181262340402 -0.573817500038435
-0.259749870888067 -0.575057392417168
-0.264758440561102 -0.577172390323423
-0.263467008573578 -0.565651072122461
-0.270172938288234 -0.571341039499791
-0.272193722070388 -0.567055180441435
-0.277239670880694 -0.569058138409393
-0.279215677902044 -0.564746496415606
-0.282944575106235 -0.564006531361076
-0.285767099543621 -0.561459851475086
-0.29086346107824 -0.563342211279776
-0.29367164939644 -0.560754814817291
-0.29364510373595 -0.552854911393489
-0.295433541625416 -0.548496146278772
-0.299098551695095 -0.547645922447978
-0.30615460400667 -0.55289543174593
-0.307897191311472 -0.548489124397656
-0.311577192021271 -0.547557899597969
-0.314257531902799 -0.544869896069109
