Nombre d'objet : 6
Nombre de balles : 1

Coordonnées des points (données brutes) (x, y)  : 
-0.171756841643109 0.301510509516309
-0.170489917378294 0.30337631429026
-0.166298077108138 0.299989915747406
-0.165509653421749 0.302707044226282
-0.162322082960064 0.301024154152962
-0.159629238454974 0.300197445409326
-0.153701061188301 0.293150104536209
-0.151074774904235 0.292262574387544
-0.148464046658701 0.291354469417792
-0.144971371054481 0.288638704221357
-0.141958998047832 0.286788498502391
-0.138973101684877 0.284913104310919
-0.136880202946978 0.284815396425815
-0.133509414046558 0.281991553704973
-0.130176168458662 0.279138254571855
-0.128550176926725 0.279890785864965
-0.127743990093867 0.282456143489388
-0.122844578049708 0.275886225904428
-0.120033280804685 0.273848519257022
-0.119230461046613 0.276378539612995
-0.117229941915081 0.276146954932671
-0.116006975501851 0.277746974123775
-0.11324922413529 0.275642183333311
-0.110519924734539 0.273514800763454
-0.109665466241651 0.276011748869503
-0.108058009097187 0.276645019239372
-0.103579638882386 0.26980040476062
-0.0995376249185655 0.263848936373772
-0.0983486136373863 0.265361169343979
-0.0933826925373752 0.256532011130132
-0.0891961145498022 0.249537678816684
-0.0850941618620881 0.242503574441675
-0.0807515429776799 0.234484942601276
-0.0806665643501377 0.238740246703284
-0.0814785343125439 0.245850052768511
-0.0822104418628014 0.252977159539597
-0.0816480175894109 0.256309580827013
-0.0807515977026852 0.258689349352585
-0.0798302336395746 0.261067297448476
-0.0783102154094533 0.261527264663792
-0.076787547199575 0.261978381923152
-0.074435222508423 0.259536890730627
-0.0718438396740531 0.25611415950878
-0.0698238015227563 0.254598972387774
-0.0675649709519904 0.25210310331342
-0.0663505526896782 0.25345927514647
-0.0638845612227653 0.249965523297463
-0.0624293934704927 0.250332919990373
-0.0607357871178709 0.249720171718611
-0.0595127695383027 0.251042287796062
-0.0578264065824432 0.250409877404551
-0.0559300890929338 0.248790725578862
-0.0531999630812337 0.24325041403491
-0.0521999749603173 0.245512041688676
-0.0507709114771218 0.245811542747248
-0.0501264268222034 0.250024681449729
-0.0475259442465901 0.244422348862517
-0.0462884525632907 0.24567738837609
-0.0436024884920618 0.239056108471002
-0.0425585422771656 0.241275300184753
-0.0414902410526189 0.243490369208713
-0.0399108797979897 0.242740852914688
-0.038341648139924 0.24198123484666
-0.0367826099663283 0.241211607523487
-0.0350888332525892 0.239442631502771
-0.0341130771009064 0.242613474421162
-0.0320338100013349 0.237852548896997
-0.0306496441401071 0.238034869954141
-0.0290205707671863 0.236224059893032
-0.0276459290533757 0.236388880040445
-0.0263807314441908 0.237539590402252
-0.0245800971261278 0.233710972838825
-0.0233189586943888 0.234845111010235
-0.0214873410404843 0.229998465592729
-0.020236267290463 0.231115757762531
-0.0190543476346667 0.233222923050495
-0.0176217029823523 0.232332682987138
-0.0162000629984385 0.231433701000625
-0.014661433260686 0.228530178258239
-0.0133900083881641 0.22960990326065
-0.0120541066782151 0.229683909998481
-0.0104848014748059 0.224755575988748
-0.00938112476299367 0.22980860405603
-0.0079392115100024 0.226861122541081
-0.00667771273004485 0.228902617181838
-0.00518262294076226 0.221939497204652
-0.00396159675392549 0.225965275542857
-0.00262363064146184 0.223984634656615
-0.00134421687719296 0.227996037423871
-1.767145865824E-05 0.224999999306043
0.0012739716604471 0.22199634455596
0.00256533604951987 0.221985177547856
0.00383924149539995 0.220966649575767
0.00519413692481254 0.223939770790287
0.00635172366473178 0.218907870133732
0.00769467105391839 0.220866004711843
0.00889809035125523 0.218819158183421
0.0102172857817859 0.219762615272146
0.0113387480295644 0.21670355971493
0.0126572138177418 0.217632247009426
0.0137313980932409 0.21456106055481
0.0148399572250465 0.212482412612335
0.0164531130948793 0.217378230440601
0.0177173563959298 0.217278842233522
0.0187197937261364 0.214183494515453
0.0200582768113727 0.215066653694519
0.0216049708307398 0.21793169855577
0.0222457069383572 0.211835144682871
0.0235878307794035 0.212696060704288
0.0251727265251306 0.215534994465611
0.0255736450771359 0.20843701369351
0.0269132727212247 0.209276553276837
0.0279968918383653 0.208125380593984
0.0293461961079402 0.208949277993475
0.0298369899975421 0.203827755783864
0.0310221817085646 0.203650740833518
0.0325190063978099 0.205442240600367
0.0333893757330132 0.203276042828858
0.0345712979417402 0.203078372454142
0.0352313893481633 0.199919356753162
0.0371108723517565 0.203646220572078
0.0382948849729688 0.203426895431521
0.0387147495067926 0.199274103110831
0.0394804613183735 0.197084482326967
0.0418389875094177 0.202727647656127
0.0426019478960451 0.200524497344994
0.0433407060485683 0.198319396931343
0.0449319871831209 0.200015290734923
0.0456450409737765 0.197801744771128
0.0474864614179214 0.200452079016418
0.0484155443006113 0.199200740636363
0.0488480396917181 0.196004767845775
0.0499874022493198 0.195717295138587
0.0503657899912431 0.192520874708583
0.0520022963256833 0.194156537816412
0.0533951866908526 0.194815179178238
0.0553373674297184 0.197389907963777
0.0556580727163914 0.194180789321439
0.0565055873687439 0.192894060551675
0.0570533246649491 0.190646054626567
0.0575768395129627 0.188398268441349
0.0577783269537163 0.185196287582741
0.0594614129785327 0.186762791708082
0.0599290091659806 0.184511554815366
0.0616302061514194 0.186058371727083
0.0623915361680388 0.184749279334433
0.062488807101636 0.181546547714393
0.063212875766723 0.180236323579074
0.0672882386132998 0.188340895570557
0.0656473989847204 0.180428431813118
0.069127487591008 0.186607584142111
0.0677420789084128 0.179652472137642
0.0712938208781591 0.185790718564176
0.0698275894731302 0.178852195257347
0.0697595239503005 0.175654800157091
0.0719036483905916 0.178027709495242
0.0729380456152932 0.177606423030873
0.0782078377829577 0.187330013904111
0.0749994005803177 0.17674583421567
0.0768182290712766 0.178143087663689
0.0766492986292522 0.17494537724571
0.0784789384187875 0.176323725643091
0.0799152463215999 0.176775432131725
0.0821939071728312 0.179033967792886
0.081966461247281 0.175833726089729
0.0825601526701992 0.174450053571426
0.081841463366952 0.170361306856797
0.0837076153679267 0.171680037073083
0.0842614064258958 0.170293908837427
0.0848019184856161 0.168907177530024
0.08941407020773 0.175539522754527
0.0904336970058607 0.175016417646609
0.0854154746048432 0.162972993768997
0.09481053082187 0.178367494923473
0.092525103093143 0.171651115049111
0.091124056321912 0.166722543045147
0.0916076678423538 0.165314957558247
0.0940371095366303 0.167394808850202
0.0940195991043469 0.165106980422567
0.0929789137856861 0.161092897395366
0.0979537729292062 0.167454645707229
0.0999460822809053 0.16860243366185
0.0993804036807733 0.165446472806907
0.0993013444160357 0.163157111390119
0.10129849896256 0.164279073858883
0.104901447413204 0.167927622297866
0.106411262567707 0.16815957658946
0.101451669582978 0.158276842080029
0.0980144742562292 0.150974046896395
0.108780159938812 0.165441460352859
0.10807797898955 0.162308812014426
0.107343089206477 0.159190016017369
0.106011736266821 0.155259498175455
0.110893917598226 0.160398064326593
0.110678176722763 0.158111799677712
0.109861410219664 0.155017645913447
0.111927220776085 0.156000952719339
0.11165746612385 0.153729015669786
0.111957473999499 0.152271218605656
0.114632496927284 0.154023993741937
0.120340143734377 0.159744326365569
0.12126736425066 0.159041586912661
0.116691909486865 0.151208459618863
0.123725010474596 0.158408086230031
0.125264522007075 0.158470184976036
0.120562176907283 0.150710853953447
0.125212083298925 0.154670405042281
0.123574837169083 0.150845151127355
0.129555885793217 0.156282668445145
0.127892117568899 0.152461819035924
0.128129727039566 0.150952883539091
0.127051043186331 0.147929146638737
0.123973745042154 0.142658720519367
0.129423792870574 0.147191989724288
0.130942523735388 0.147183747329001
0.13313453360845 0.147906037607869
0.132646012524552 0.145650387439706
0.134168657761136 0.14561171407059
0.130240230613438 0.139708562120432
0.135167509524757 0.143313447969389
0.131856799863085 0.138183878690195
0.134742045042811 0.139572853011182
0.135551681404491 0.138786676840449
0.136356730762933 0.137995804195798
0.143520127179164 0.143565222440801
0.151463816529877 0.149758847091595
0.142319963659562 0.139089999439
0.145284351359767 0.14034406738431
0.14465177783916 0.138115398011845
0.143998240613843 0.135898884101812
0.144786348336207 0.135058925419486
0.145569556558677 0.134214396408546
0.15152175227001 0.138080261402655
0.150093313478431 0.135188746754549
0.153864854169718 0.1369730143179
0.150154410997587 0.132112273684044
0.1554479988982 0.135173664737423
0.155473287901453 0.13361533126521
0.148626068056433 0.126235066024003
0.155485384436667 0.130511667013268
0.154702629900914 0.128328080721799
0.152353053006628 0.12489014068196
0.159293303915578 0.129037371825605
0.160821927373695 0.12873347535047
0.159999446167534 0.126555036352103
0.170187806745831 0.133011692850831
0.163835397951861 0.126518624628769
0.15979849920783 0.121923909266908
0.171684500950374 0.129419597176861
0.162810200916604 0.121251138046184
0.161901818843639 0.119116753880894
0.169063322842272 0.122876331608369
0.174649183022642 0.125390042944102
0.177822742599851 0.126107383662762
0.169543748234847 0.118759915099662
0.180100229513711 0.12459898606774
0.177519308394626 0.121292601369967
0.180708698975438 0.121935909864997
0.17725406725829 0.11811009965449
0.174596571110418 0.114878358956266
0.177777602365432 0.115495125859053
0.180971632403736 0.116078715814429
0.18502323752494 0.117163994365973
0.187397573097064 0.117145847546256
0.18552279135823 0.114478355537851
0.187893714755932 0.114437546090505
0.19198453116327 0.115403378607472
0.187492264006408 0.111223428007554
0.186410075780973 0.109120500582301
0.195701029637258 0.113035865984727
0.187666978904147 0.106944401578533
0.193516079517218 0.108791208138736
0.198518310003752 0.11008851253993
0.199155352467438 0.108931839163628
0.202425994671396 0.109195772268416
0.198643478296599 0.105668200184486
0.204568266491583 0.107297830102145
0.204300708822872 0.105646677063086
0.207584577427855 0.105818917089993
0.202835343017497 0.101915767293263
0.212386213984416 0.105171745775021
0.209399577703088 0.102180315412356
0.210891679385796 0.101393784650928
0.205151670980529 0.0971688833624051
0.206619672427255 0.0963966335825792
0.212628954586383 0.0976981456912149
0.216838018123008 0.0981084802475605
0.212837727767849 0.0948108729978745
0.21888056522307 0.0959807176865709
0.228616584963669 0.0986684198695273
0.21538025892997 0.0914731876740883
0.231594404782094 0.0967730937483546
0.22105446106683 0.0908621221546868
0.224360609302772 0.0906990462644945
0.23046006994885 0.0916087122449119
0.223537811809368 0.0873547176257781
0.233377276107724 0.0896384236616138
0.243250558241647 0.09181048913456
0.236279578839422 0.0876125597358362
0.236785236411981 0.0862366036977467
0.235399683816306 0.0841842554114682
0.240603121583734 0.0844697453776377
0.242035876424028 0.0833944513960763
0.243464230871868 0.082305335707777
0.246786429693011 0.0818318893792411
0.245356295679798 0.0797764888315325
0.257249528455679 0.0819919514911737
0.247222344605309 0.0772147157467647
0.249579820259172 0.0763604172290805
0.250019797398716 0.0749072820806161
0.258127982617451 0.07570300251539
0.247990742148186 0.0711659455694366
0.259954042139863 0.0729650325508471
0.256516698329657 0.0703930641331343
0.255955973515128 0.06864065575097
0.254416211720893 0.0666437635010949
0.256737223222174 0.0656581922700235
0.265847024346301 0.0663427437344687
0.264285178571595 0.0643221920287246
0.272438845765129 0.0646302972155033
0.264041300978209 0.0610179594687895
0.269269861257856 0.060578393988079
0.271571450297665 0.0594386017939786
0.273868824501759 0.0582740676976031
0.279099665027866 0.0576920876839517
0.285313294575009 0.0572479164577556
0.280733557509733 0.054632130545399
0.283994652214113 0.05355406159933
0.281350153692389 0.0513623501922298
0.283613715481051 0.0500725512734605
0.286857490038443 0.0489262752398405
0.296017781382537 0.0487183035969077
0.294320866663133 0.0466821962493429
0.299530186495461 0.0457238163104804
0.296822872075724 0.0435451789836541
0.301032107507614 0.0423753495504648
0.302264549173225 0.0407571136503448
0.302496525157156 0.0389981059520357
0.313635972716208 0.038580780427019
0.313855096242493 0.036755660279958
0.312075854766472 0.0347082248433398
0.31923396580535 0.0336255122814302
0.31444871473187 0.0312730843294184
0.320599212922855 0.0300024111238779
0.321764491872779 0.0282243116807552
0.320926566383355 0.0262704965577347
0.333039444827537 0.0253126092879841
0.339166345566668 0.0237947480539584
0.336305209640478 0.0216288226372554
0.340418516615013 0.0199056159320506
0.354509195074482 0.0186609380161625
0.349617218637835 0.0163646091289779
0.355701467125489 0.0145762232685523
0.355780240814001 0.0125068079992951
0.354847404916805 0.0104076521756411
0.360900286567255 0.00848428875471959
0.368942283287818 0.00652622420480265
0.370973864001316 0.00440366074230059
0.367993258921107 0.00222741747847568
0.368999989757201 8.694357588363E-05
0.372994189823003 -0.002081912169591
0.38397505344219 -0.00437702342549649
0.378943835829383 -0.00652451430480842
0.401893369357609 -0.00925849158278346
0.396834792092757 -0.0114519773270147
0.402757854738623 -0.0139681940973795
0.404668146315093 -0.0163918076460968
0.405564874092274 -0.0187918307388517
0.415435118254263 -0.0216716986197753
0.420293632517471 -0.0243774991594443
0.434116271866824 -0.027713940543522
0.428959805867429 -0.0298912186131222
0.438750263171617 -0.0331391998520957
0.445526996776066 -0.0362587250699701
0.44331610421053 -0.0386759841193226
0.451049167638684 -0.0419958137491163
0.457763201832357 -0.0453083993117057
0.471415557096807 -0.049430481760826
0.477083581117088 -0.0528323445296074
0.476768175327206 -0.0556067171766713
0.483384670207238 -0.0592305715711019
0.493942310685022 -0.0634428381705987
0.508431309375646 -0.0683125438449308
0.511986533646764 -0.0718247127691513
0.512549533724624 -0.0749464840981229
0.529900037101192 -0.0806346741802519
0.531397462610523 -0.0840281900977163
0.544714899911484 -0.0893849977033198
0.557987529242068 -0.0948995111174545
0.567274560247134 -0.0998777918078943
0.579473700152077 -0.105504648390775
0.577867391602658 -0.108688903400207
0.586060436575087 -0.113763635145063
0.583427639182901 -0.116778379152423
0.581759058074664 -0.119968322269169
0.572247532976155 -0.12148152535552
0.578370009047712 -0.126301752300391
0.56981975688649 -0.127911862865886
0.577835886485677 -0.13324671961933
0.577050993542234 -0.13660582290635
0.568472589344892 -0.138072137535108
0.562807991617144 -0.140168343686714
0.569734579699716 -0.145418391871139
0.554366799507789 -0.14493602589933
0.565106227834647 -0.151261202105816
0.564216757334563 -0.154545950263573
0.55945651405365 -0.156746320157567
0.55661256278249 -0.159447342256648
0.547997887272992 -0.160434770372064
0.558552126998288 -0.167058437158045
0.545137902799646 -0.166507257893472
0.554661416479159 -0.172950030556034
0.542210927201576 -0.172534954206988
0.541198091486154 -0.175686157029358
0.543014922250923 -0.179774286851108
0.541012478202497 -0.182610236375709
0.538049841245256 -0.18510366915854
0.543569845376961 -0.190546118293883
0.535859911833162 -0.191350868537762
0.542256009481096 -0.197198935548947
0.536410793397291 -0.198613848275714
0.52588889730218 -0.198204106148933
0.523793338489675 -0.200901813216908
0.523547379099548 -0.204308937244541
0.523279473597827 -0.207719985825104
0.528553286883334 -0.213380933836237
0.521752516393255 -0.214173554943896
0.519574940404625 -0.216819928289654
0.517384262798602 -0.219448227626352
0.516098945615166 -0.222454216266884
0.521208215756844 -0.228260806595366
0.521698886372675 -0.232101856859248
0.510315827240544 -0.230603027880813
0.515327812268012 -0.236487306008302
0.517569114087343 -0.241170504296945
0.513445571629936 -0.242894308236336
0.513826832898094 -0.246742752262177
0.509686047996061 -0.248413229273638
0.510025074080168 -0.252260626752412
0.504973969823846 -0.253429062659248
0.503491191019036 -0.256362283821611
0.49843745308211 -0.257451170836373
0.496931387668653 -0.260346300049966
0.497174668570678 -0.264171059981286
0.501791890472518 -0.270379175707036
0.495822752198225 -0.27089628717016
0.498612310973447 -0.276198775061944
0.496125260097297 -0.278604964588554
0.492758055370865 -0.280496878533655
0.48678717893472 -0.280859827004107
0.489461376877827 -0.286210692576049
0.482626385374631 -0.285994356832819
0.478382598046078 -0.287252658624223
0.481829356461164 -0.293149230345605
0.479264641754575 -0.295422414795931
0.47668981381858 -0.297675698372588
0.476640338241505 -0.301512832166432
0.472352379799802 -0.30266190592386
0.472261418587254 -0.30649331561056
0.467963562915198 -0.307587554663243
0.470328561931146 -0.313075140871612
0.470157804111698 -0.3169237120079
0.466654382593967 -0.318525803045598
0.463970931175754 -0.320666454472406
0.463736360549884 -0.324506683912594
0.462656783483325 -0.327776906899897
0.463992614232731 -0.33279401127045
0.458812081509922 -0.333137319825523
0.457672169759967 -0.336392902759859
0.455707578221862 -0.339049558547368
0.456124014170755 -0.343499466807093
0.453322805713028 -0.345540784597807
0.452888599740561 -0.349393640790776
0.449272068677986 -0.350791402839071
0.449577670833689 -0.355258944838488
0.445941502928332 -0.35661909086029
0.446191462235151 -0.361094418439912
0.447178030184401 -0.366218253669037
0.439650358466212 -0.364346761067711
0.439055941548814 -0.368183215520051
0.438431715869278 -0.372025040178643
0.435501459058167 -0.373917743839749
0.434073866100754 -0.377100621543302
0.434877203965975 -0.382260143712023
0.431898951491462 -0.384118856215853
0.433373924519634 -0.389969282824238
0.431098082284714 -0.392483685585072
0.428072132771035 -0.394307302931175
0.424308014245662 -0.395427248741033
0.420545401200942 -0.396516790979573
0.419678856658394 -0.400336929690358
0.423099390277495 -0.408326959613019
0.417854912584024 -0.407986852765377
0.419743095883906 -0.414627222282611
0.418031374247369 -0.417768799870043
0.402233185142081 -0.406684724043645
0.377490807924155 -0.38613558490868
0.377322869147908 -0.390482333042086
0.372972919021067 -0.390501218534468
0.366576171024634 -0.388301314492906
0.36840454565341 -0.394813995119099
0.364067722378133 -0.394745099427971
0.35907055776865 -0.393900158090487
0.356103738310108 -0.395239329472114
0.353133511955894 -0.396557338519534
0.352142062246383 -0.40010619589912
0.350464927858207 -0.402902388105781
0.347463353389493 -0.404175974114405
0.348343717435693 -0.410000798198104
0.345309752648737 -0.411254391740281
0.346742996097222 -0.417873539073153
0.341769970095191 -0.416790459992947
0.346894526702177 -0.428094834521596
0.356274171352095 -0.444936753738526
0.379740502334769 -0.479938694925235
0.378789957928121 -0.484503011108097
0.378410424011236 -0.489863808624026
0.376161121832618 -0.492851712406101
0.372083611060463 -0.493434682992801
0.372791465454474 -0.500402361389618
0.370466989706093 -0.503367867009909
0.366356451136946 -0.503896765925663
0.366335695080397 -0.510080541199096
0.363940884318669 -0.513018550075282
0.364393509155109 -0.52004073925571
0.359085891679745 -0.518862527454588
0.359447203036081 -0.525896100222789
0.356381904993499 -0.527978160337343
0.353859185381479 -0.530874445534117
0.351864598979233 -0.534594522965942
0.351473429434368 -0.540824766816059
0.347781390803841 -0.542018546002391
0.345692759687086 -0.545722013391367
0.344102978757519 -0.550267335038345
0.342471960445964 -0.554812541592472
0.338718433541934 -0.555941384301347
0.339086006252051 -0.563901303743868
0.337330973668176 -0.568444205005276
0.336039833367395 -0.573848612780769
0.333696573860014 -0.577525407747649
0.331817124425143 -0.582063051514377
0.327445187506317 -0.582240198868949
0.326478212808578 -0.588507414194007
0.324489294461638 -0.593028412287125
0.323408581543038 -0.599306173324053
0.318507530532338 -0.598528990938778
0.316878936274244 -0.603913685675117
0.315657883016536 -0.610187758718182
0.312557287074495 -0.612904513196494
0.310333966915629 -0.617392767189906
0.307181153459469 -0.620083654807406
0.307516986261029 -0.629947857493725
0.302980385559885 -0.629923714401977
0.301451892282313 -0.636193961492415
0.300283563930565 -0.643373749257116
0.295282913349777 -0.642383842483346
0.29442761961988 -0.650467813811699
0.291859940700471 -0.654909745701129
0.292062662668035 -0.665754009432356
0.286995721585459 -0.664687487313882
0.285079557314986 -0.670947573213505
0.28310020696282 -0.677207702863463
0.280677284561078 -0.682542498260306
0.27820182404793 -0.687871895847188
0.276043342895957 -0.694124681050044
0.270908472334452 -0.692924670954508
0.270101345093669 -0.702889936888124
0.266714487581177 -0.706320311271246
0.263992468585214 -0.711610129586619
0.261560241006119 -0.717831623937551
0.256369426764022 -0.71651637596128
0.255179625108669 -0.726486998458609
0.254534212901241 -0.738358540590373
0.249914361136404 -0.738879430013979
0.247186396117806 -0.745066363201488
0.244704214745201 -0.752197345971079
0.241235900584748 -0.75646628495199
0.238024446387999 -0.761674709388258
0.234175081052416 -0.764958842954374
0.232305602785353 -0.774929097991896
0.228075368276114 -0.77722688218159
0.224654216180592 -0.782385124572473
0.222532692618136 -0.792343486573924
0.217654959776373 -0.792660279366101
0.214854465095409 -0.800673815500773
0.211460941903859 -0.806746719887433
0.204781046149824 -0.800212923625821
0.198911227001648 -0.796539593349068
0.19356437769851 -0.794768413870474
0.189399766534567 -0.797826878737895
0.182277056417585 -0.788197992070356
0.177688906708771 -0.789244988854945
0.173094744093424 -0.790265277971412
0.168911274651444 -0.79321496537548
0.160850269153827 -0.777536617088315
0.156127618551338 -0.77747872429121
0.153705198691725 -0.789170901576545
0.147442710095888 -0.781207813094301
0.140559151604476 -0.769264015082098
0.134689707845791 -0.762190712748729
0.129917078794599 -0.76098985054827
0.125975736846782 -0.764692823116518
0.12011401159374 -0.756524040740847
0.116013283707851 -0.759187011218792
0.111740322392256 -0.760838419345182
0.106475232025634 -0.755534264587045
0.101543232454193 -0.752176822258406
0.096141841825731 -0.744820613470355
0.0915629882433594 -0.743382283340104
0.086072359149952 -0.733970400622778
0.0831295895759832 -0.746384935095108
0.0782618072812246 -0.74188347435502
0.07414307949095 -0.74431633312967
0.0694386992172044 -0.740752500536463
0.0643406119990539 -0.732178452050856
0.0601620737384977 -0.733536996260913
0.0552864183164676 -0.725897659418831
0.0509926863662143 -0.725209449702055
0.0463871483048971 -0.719506242135633
0.0428447295698511 -0.730745050717476
0.0382240911856239 -0.723991656618385
0.0339180508092487 -0.722203964146765
0.029469700062527 -0.716394121122043
0.0250195219524889 -0.708558412215442
0.0209857313777137 -0.711690662492169
0.0167270691554693 -0.70680209758989
0.0125259961099111 -0.701888238554725
0.00845482206898871 -0.702949156044576
0.00434067925541327 -0.698986522404833
0.000275674748267112 -0.701999945871389
-0.00377542187200428 -0.695989760118415
-0.00790272454194993 -0.702955579638439
-0.0118553244244996 -0.694898878458434
-0.0158974545601 -0.694818156742114
-0.0200824931129171 -0.699711864605974
-0.0238764535425496 -0.691587966180898
-0.0278184869161553 -0.689438997871237
-0.0321053563299919 -0.695259121547445
-0.0358376080535156 -0.689068694579142
-0.0394989354728196 -0.682858575472633
-0.0435341110885027 -0.683615228891029
-0.0472326355037252 -0.679360050447016
-0.0514092545635017 -0.682065311055492
-0.0547283874505808 -0.673780975990759
-0.0588204578617991 -0.675443671772065
-0.0630262682700475 -0.678077200256691
-0.0659862763551257 -0.667747565576083
-0.069661292374893 -0.665363287493877
-0.0734207202388502 -0.663952858145523
-0.0786700867215657 -0.675433947514649
-0.0807758444241774 -0.660075952415751
-0.0856321539197525 -0.66752987514797
-0.0883167616425872 -0.658100409977814
-0.0911721431759513 -0.650643251182016
-0.0956781342043522 -0.655049383356075
-0.0993367530731552 -0.653493082969424
-0.103448601484241 -0.654879673566797
-0.10580041516646 -0.645385367164925
-0.109720440394776 -0.645744860575426
-0.113128489917751 -0.643125916729321
-0.116867735472906 -0.642456949846007
-0.121711170472971 -0.647663022707101
-0.124715045238544 -0.64301722954455
-0.1278651260329 -0.639339119360446
-0.130573028743861 -0.633687370999813
-0.133012031294623 -0.627047685212917
-0.137083799124908 -0.628217344569124
-0.143143526803776 -0.638142563017212
-0.145281451547039 -0.630477834532179
-0.150788266041265 -0.637407168789518
-0.152370794661188 -0.627773160412516
-0.155295515571382 -0.623964985270342
-0.159664059627242 -0.625957976275843
-0.163049858855239 -0.624051074454076
-0.165902055292999 -0.620193927775465
-0.169242979512879 -0.618253842596715
-0.17445440625348 -0.623036644298508
-0.175598654873804 -0.6133588773357
-0.17916368412794 -0.612327015809121
-0.183295448847439 -0.613190654227391
-0.189195111410884 -0.619765447422025
-0.190416966511416 -0.611016676421021
-0.19518042086091 -0.613710520777148
-0.19658686909404 -0.605906430812384
-0.201364757586442 -0.60855010837412
-0.20458171862063 -0.606420910264669
-0.208756229228231 -0.607111881582308
-0.210961713781909 -0.602112244783479
-0.215469157351577 -0.603700291726119
-0.216927616804086 -0.596797628235652
-0.22317224509385 -0.603028315271987
-0.224913728216647 -0.597040882067291
-0.22408739385814 -0.584517613005687
-0.231117755722397 -0.592520533812831
-0.231610177721505 -0.583730010857599
-0.236124524285001 -0.58515485901698
-0.24028365251788 -0.585621692163692
-0.242916295248275 -0.582368159760519
-0.247080573182364 -0.582786573589229
-0.245718368285919 -0.570318756036399
-0.252640997413493 -0.577124359584584
-0.252336885212404 -0.567421445101701
-0.256456687105017 -0.567766648931688
-0.261005958726377 -0.568991994240099
-0.263044785803428 -0.564744580019701
-0.269317960635423 -0.569532998235551
-0.271760981653742 -0.566153661871576
-0.276363716154373 -0.5672601664081
-0.280545276368244 -0.567435765446156
-0.284738201572835 -0.567581850101875
-0.286674296685029 -0.563242263701991
-0.286275709326217 -0.554456687442555
-0.29413558565141 -0.561640683403101
-0.296928675183477 -0.559036995067218
-0.301598286474742 -0.559941491225199
-0.302453823909623 -0.553789386321593
-0.304701338481322 -0.550270928114225
-0.306918185933693 -0.546745120822464
-0.312071758992733 -0.548427039121141
-0.312758688348413 -0.542271152526649

Coordonnées des points (filtrage des pics) (x, y)  : 
-0.171756841643109 0.301510509516309
-0.170489917378294 0.30337631429026
-0.166298077108138 0.299989915747406
-0.165509653421749 0.302707044226282
-0.162322082960064 0.301024154152962
-0.159629238454974 0.300197445409326
-0.153701061188301 0.293150104536209
-0.151074774904235 0.292262574387544
-0.148464046658701 0.291354469417792
-0.144971371054481 0.288638704221357
-0.141958998047832 0.286788498502391
-0.138973101684877 0.284913104310919
-0.136880202946978 0.284815396425815
-0.133509414046558 0.281991553704973
-0.130176168458662 0.279138254571855
-0.128550176926725 0.279890785864965
-0.127743990093867 0.282456143489388
-0.122844578049708 0.275886225904428
-0.120033280804685 0.273848519257022
-0.119230461046613 0.276378539612995
-0.117229941915081 0.276146954932671
-0.116006975501851 0.277746974123775
-0.11324922413529 0.275642183333311
-0.110519924734539 0.273514800763454
-0.109665466241651 0.276011748869503
-0.108058009097187 0.276645019239372
-0.103579638882386 0.26980040476062
-0.0995376249185655 0.263848936373772
-0.0983486136373863 0.265361169343979
-0.0933826925373752 0.256532011130132
-0.0891961145498022 0.249537678816684
-0.0850941618620881 0.242503574441675
-0.0807515429776799 0.234484942601276
-0.0806665643501377 0.238740246703284
-0.0814785343125439 0.245850052768511
-0.0822104418628014 0.252977159539597
-0.0816480175894109 0.256309580827013
-0.0807515977026852 0.258689349352585
-0.0798302336395746 0.261067297448476
-0.0783102154094533 0.261527264663792
-0.076787547199575 0.261978381923152
-0.074435222508423 0.259536890730627
-0.0718438396740531 0.25611415950878
-0.0698238015227563 0.254598972387774
-0.0675649709519904 0.25210310331342
-0.0663505526896782 0.25345927514647
-0.0638845612227653 0.249965523297463
-0.0624293934704927 0.250332919990373
-0.0607357871178709 0.249720171718611
-0.0595127695383027 0.251042287796062
-0.0578264065824432 0.250409877404551
-0.0559300890929338 0.248790725578862
-0.0531999630812337 0.24325041403491
-0.0521999749603173 0.245512041688676
-0.0507709114771218 0.245811542747248
-0.0501264268222034 0.250024681449729
-0.0475259442465901 0.244422348862517
-0.0462884525632907 0.24567738837609
-0.0436024884920618 0.239056108471002
-0.0425585422771656 0.241275300184753
-0.0414902410526189 0.243490369208713
-0.0399108797979897 0.242740852914688
-0.038341648139924 0.24198123484666
-0.0367826099663283 0.241211607523487
-0.0350888332525892 0.239442631502771
-0.0341130771009064 0.242613474421162
-0.0320338100013349 0.237852548896997
-0.0306496441401071 0.238034869954141
-0.0290205707671863 0.236224059893032
-0.0276459290533757 0.236388880040445
-0.0263807314441908 0.237539590402252
-0.0245800971261278 0.233710972838825
-0.0233189586943888 0.234845111010235
-0.0214873410404843 0.229998465592729
-0.020236267290463 0.231115757762531
-0.0190543476346667 0.233222923050495
-0.0176217029823523 0.232332682987138
-0.0162000629984385 0.231433701000625
-0.014661433260686 0.228530178258239
-0.0133900083881641 0.22960990326065
-0.0120541066782151 0.229683909998481
-0.0104848014748059 0.224755575988748
-0.00938112476299367 0.22980860405603
-0.0079392115100024 0.226861122541081
-0.00667771273004485 0.228902617181838
-0.00518262294076226 0.221939497204652
-0.00396159675392549 0.225965275542857
-0.00262363064146184 0.223984634656615
-0.00134421687719296 0.227996037423871
-1.767145865824E-05 0.224999999306043
0.0012739716604471 0.22199634455596
0.00256533604951987 0.221985177547856
0.00383924149539995 0.220966649575767
0.00519413692481254 0.223939770790287
0.00635172366473178 0.218907870133732
0.00769467105391839 0.220866004711843
0.00889809035125523 0.218819158183421
0.0102172857817859 0.219762615272146
0.0113387480295644 0.21670355971493
0.0126572138177418 0.217632247009426
0.0137313980932409 0.21456106055481
0.0148399572250465 0.212482412612335
0.0164531130948793 0.217378230440601
0.0177173563959298 0.217278842233522
0.0187197937261364 0.214183494515453
0.0200582768113727 0.215066653694519
0.0216049708307398 0.21793169855577
0.0222457069383572 0.211835144682871
0.0235878307794035 0.212696060704288
0.0251727265251306 0.215534994465611
0.0255736450771359 0.20843701369351
0.0269132727212247 0.209276553276837
0.0279968918383653 0.208125380593984
0.0293461961079402 0.208949277993475
0.0298369899975421 0.203827755783864
0.0310221817085646 0.203650740833518
0.0325190063978099 0.205442240600367
0.0333893757330132 0.203276042828858
0.0345712979417402 0.203078372454142
0.0352313893481633 0.199919356753162
0.0371108723517565 0.203646220572078
0.0382948849729688 0.203426895431521
0.0387147495067926 0.199274103110831
0.0394804613183735 0.197084482326967
0.0418389875094177 0.202727647656127
0.0426019478960451 0.200524497344994
0.0433407060485683 0.198319396931343
0.0449319871831209 0.200015290734923
0.0456450409737765 0.197801744771128
0.0474864614179214 0.200452079016418
0.0484155443006113 0.199200740636363
0.0488480396917181 0.196004767845775
0.0499874022493198 0.195717295138587
0.0503657899912431 0.192520874708583
0.0520022963256833 0.194156537816412
0.0533951866908526 0.194815179178238
0.0553373674297184 0.197389907963777
0.0556580727163914 0.194180789321439
0.0565055873687439 0.192894060551675
0.0570533246649491 0.190646054626567
0.0575768395129627 0.188398268441349
0.0577783269537163 0.185196287582741
0.0594614129785327 0.186762791708082
0.0599290091659806 0.184511554815366
0.0616302061514194 0.186058371727083
0.0623915361680388 0.184749279334433
0.062488807101636 0.181546547714393
0.063212875766723 0.180236323579074
0.0672882386132998 0.188340895570557
0.0656473989847204 0.180428431813118
0.069127487591008 0.186607584142111
0.0677420789084128 0.179652472137642
0.0712938208781591 0.185790718564176
0.0698275894731302 0.178852195257347
0.0697595239503005 0.175654800157091
0.0719036483905916 0.178027709495242
0.0729380456152932 0.177606423030873
0.0782078377829577 0.187330013904111
0.0749994005803177 0.17674583421567
0.0768182290712766 0.178143087663689
0.0766492986292522 0.17494537724571
0.0784789384187875 0.176323725643091
0.0799152463215999 0.176775432131725
0.0821939071728312 0.179033967792886
0.081966461247281 0.175833726089729
0.0825601526701992 0.174450053571426
0.081841463366952 0.170361306856797
0.0837076153679267 0.171680037073083
0.0842614064258958 0.170293908837427
0.0848019184856161 0.168907177530024
0.08941407020773 0.175539522754527
0.0904336970058607 0.175016417646609
0.0854154746048432 0.162972993768997
0.09481053082187 0.178367494923473
0.092525103093143 0.171651115049111
0.091124056321912 0.166722543045147
0.0916076678423538 0.165314957558247
0.0940371095366303 0.167394808850202
0.0940195991043469 0.165106980422567
0.0929789137856861 0.161092897395366
0.0979537729292062 0.167454645707229
0.0999460822809053 0.16860243366185
0.0993804036807733 0.165446472806907
0.0993013444160357 0.163157111390119
0.10129849896256 0.164279073858883
0.104901447413204 0.167927622297866
0.106411262567707 0.16815957658946
0.101451669582978 0.158276842080029
0.0980144742562292 0.150974046896395
0.108780159938812 0.165441460352859
0.10807797898955 0.162308812014426
0.107343089206477 0.159190016017369
0.106011736266821 0.155259498175455
0.110893917598226 0.160398064326593
0.110678176722763 0.158111799677712
0.109861410219664 0.155017645913447
0.111927220776085 0.156000952719339
0.11165746612385 0.153729015669786
0.111957473999499 0.152271218605656
0.114632496927284 0.154023993741937
0.120340143734377 0.159744326365569
0.12126736425066 0.159041586912661
0.116691909486865 0.151208459618863
0.123725010474596 0.158408086230031
0.125264522007075 0.158470184976036
0.120562176907283 0.150710853953447
0.125212083298925 0.154670405042281
0.123574837169083 0.150845151127355
0.129555885793217 0.156282668445145
0.127892117568899 0.152461819035924
0.128129727039566 0.150952883539091
0.127051043186331 0.147929146638737
0.123973745042154 0.142658720519367
0.129423792870574 0.147191989724288
0.130942523735388 0.147183747329001
0.13313453360845 0.147906037607869
0.132646012524552 0.145650387439706
0.134168657761136 0.14561171407059
0.130240230613438 0.139708562120432
0.135167509524757 0.143313447969389
0.131856799863085 0.138183878690195
0.134742045042811 0.139572853011182
0.135551681404491 0.138786676840449
0.136356730762933 0.137995804195798
0.143520127179164 0.143565222440801
0.151463816529877 0.149758847091595
0.142319963659562 0.139089999439
0.145284351359767 0.14034406738431
0.14465177783916 0.138115398011845
0.143998240613843 0.135898884101812
0.144786348336207 0.135058925419486
0.145569556558677 0.134214396408546
0.15152175227001 0.138080261402655
0.150093313478431 0.135188746754549
0.153864854169718 0.1369730143179
0.150154410997587 0.132112273684044
0.1554479988982 0.135173664737423
0.155473287901453 0.13361533126521
0.148626068056433 0.126235066024003
0.155485384436667 0.130511667013268
0.154702629900914 0.128328080721799
0.152353053006628 0.12489014068196
0.159293303915578 0.129037371825605
0.160821927373695 0.12873347535047
0.159999446167534 0.126555036352103
0.170187806745831 0.133011692850831
0.163835397951861 0.126518624628769
0.15979849920783 0.121923909266908
0.171684500950374 0.129419597176861
0.162810200916604 0.121251138046184
0.161901818843639 0.119116753880894
0.169063322842272 0.122876331608369
0.174649183022642 0.125390042944102
0.177822742599851 0.126107383662762
0.169543748234847 0.118759915099662
0.180100229513711 0.12459898606774
0.177519308394626 0.121292601369967
0.180708698975438 0.121935909864997
0.17725406725829 0.11811009965449
0.174596571110418 0.114878358956266
0.177777602365432 0.115495125859053
0.180971632403736 0.116078715814429
0.18502323752494 0.117163994365973
0.187397573097064 0.117145847546256
0.18552279135823 0.114478355537851
0.187893714755932 0.114437546090505
0.19198453116327 0.115403378607472
0.187492264006408 0.111223428007554
0.186410075780973 0.109120500582301
0.195701029637258 0.113035865984727
0.187666978904147 0.106944401578533
0.193516079517218 0.108791208138736
0.198518310003752 0.11008851253993
0.199155352467438 0.108931839163628
0.202425994671396 0.109195772268416
0.198643478296599 0.105668200184486
0.204568266491583 0.107297830102145
0.204300708822872 0.105646677063086
0.207584577427855 0.105818917089993
0.202835343017497 0.101915767293263
0.212386213984416 0.105171745775021
0.209399577703088 0.102180315412356
0.210891679385796 0.101393784650928
0.205151670980529 0.0971688833624051
0.206619672427255 0.0963966335825792
0.212628954586383 0.0976981456912149
0.216838018123008 0.0981084802475605
0.212837727767849 0.0948108729978745
0.21888056522307 0.0959807176865709
0.228616584963669 0.0986684198695273
0.21538025892997 0.0914731876740883
0.231594404782094 0.0967730937483546
0.22105446106683 0.0908621221546868
0.224360609302772 0.0906990462644945
0.23046006994885 0.0916087122449119
0.223537811809368 0.0873547176257781
0.233377276107724 0.0896384236616138
0.243250558241647 0.09181048913456
0.236279578839422 0.0876125597358362
0.236785236411981 0.0862366036977467
0.235399683816306 0.0841842554114682
0.240603121583734 0.0844697453776377
0.242035876424028 0.0833944513960763
0.243464230871868 0.082305335707777
0.246786429693011 0.0818318893792411
0.245356295679798 0.0797764888315325
0.257249528455679 0.0819919514911737
0.247222344605309 0.0772147157467647
0.249579820259172 0.0763604172290805
0.250019797398716 0.0749072820806161
0.258127982617451 0.07570300251539
0.247990742148186 0.0711659455694366
0.259954042139863 0.0729650325508471
0.256516698329657 0.0703930641331343
0.255955973515128 0.06864065575097
0.254416211720893 0.0666437635010949
0.256737223222174 0.0656581922700235
0.265847024346301 0.0663427437344687
0.264285178571595 0.0643221920287246
0.272438845765129 0.0646302972155033
0.264041300978209 0.0610179594687895
0.269269861257856 0.060578393988079
0.271571450297665 0.0594386017939786
0.273868824501759 0.0582740676976031
0.279099665027866 0.0576920876839517
0.285313294575009 0.0572479164577556
0.280733557509733 0.054632130545399
0.283994652214113 0.05355406159933
0.281350153692389 0.0513623501922298
0.283613715481051 0.0500725512734605
0.286857490038443 0.0489262752398405
0.296017781382537 0.0487183035969077
0.294320866663133 0.0466821962493429
0.299530186495461 0.0457238163104804
0.296822872075724 0.0435451789836541
0.301032107507614 0.0423753495504648
0.302264549173225 0.0407571136503448
0.302496525157156 0.0389981059520357
0.313635972716208 0.038580780427019
0.313855096242493 0.036755660279958
0.312075854766472 0.0347082248433398
0.31923396580535 0.0336255122814302
0.31444871473187 0.0312730843294184
0.320599212922855 0.0300024111238779
0.321764491872779 0.0282243116807552
0.320926566383355 0.0262704965577347
0.333039444827537 0.0253126092879841
0.339166345566668 0.0237947480539584
0.336305209640478 0.0216288226372554
0.340418516615013 0.0199056159320506
0.354509195074482 0.0186609380161625
0.349617218637835 0.0163646091289779
0.355701467125489 0.0145762232685523
0.355780240814001 0.0125068079992951
0.354847404916805 0.0104076521756411
0.360900286567255 0.00848428875471959
0.368942283287818 0.00652622420480265
0.370973864001316 0.00440366074230059
0.367993258921107 0.00222741747847568
0.368999989757201 8.694357588363E-05
0.372994189823003 -0.002081912169591
0.38397505344219 -0.00437702342549649
0.378943835829383 -0.00652451430480842
0.401893369357609 -0.00925849158278346
0.396834792092757 -0.0114519773270147
0.402757854738623 -0.0139681940973795
0.404668146315093 -0.0163918076460968
0.405564874092274 -0.0187918307388517
0.415435118254263 -0.0216716986197753
0.420293632517471 -0.0243774991594443
0.434116271866824 -0.027713940543522
0.428959805867429 -0.0298912186131222
0.438750263171617 -0.0331391998520957
0.445526996776066 -0.0362587250699701
0.44331610421053 -0.0386759841193226
0.451049167638684 -0.0419958137491163
0.457763201832357 -0.0453083993117057
0.471415557096807 -0.049430481760826
0.477083581117088 -0.0528323445296074
0.476768175327206 -0.0556067171766713
0.483384670207238 -0.0592305715711019
0.493942310685022 -0.0634428381705987
0.508431309375646 -0.0683125438449308
0.511986533646764 -0.0718247127691513
0.512549533724624 -0.0749464840981229
0.529900037101192 -0.0806346741802519
0.531397462610523 -0.0840281900977163
0.544714899911484 -0.0893849977033198
0.557987529242068 -0.0948995111174545
0.567274560247134 -0.0998777918078943
0.579473700152077 -0.105504648390775
0.577867391602658 -0.108688903400207
0.586060436575087 -0.113763635145063
0.583427639182901 -0.116778379152423
0.581759058074664 -0.119968322269169
0.572247532976155 -0.12148152535552
0.578370009047712 -0.126301752300391
0.56981975688649 -0.127911862865886
0.577835886485677 -0.13324671961933
0.577050993542234 -0.13660582290635
0.568472589344892 -0.138072137535108
0.562807991617144 -0.140168343686714
0.569734579699716 -0.145418391871139
0.554366799507789 -0.14493602589933
0.565106227834647 -0.151261202105816
0.564216757334563 -0.154545950263573
0.55945651405365 -0.156746320157567
0.55661256278249 -0.159447342256648
0.547997887272992 -0.160434770372064
0.558552126998288 -0.167058437158045
0.545137902799646 -0.166507257893472
0.554661416479159 -0.172950030556034
0.542210927201576 -0.172534954206988
0.541198091486154 -0.175686157029358
0.543014922250923 -0.179774286851108
0.541012478202497 -0.182610236375709
0.538049841245256 -0.18510366915854
0.543569845376961 -0.190546118293883
0.535859911833162 -0.191350868537762
0.542256009481096 -0.197198935548947
0.536410793397291 -0.198613848275714
0.52588889730218 -0.198204106148933
0.523793338489675 -0.200901813216908
0.523547379099548 -0.204308937244541
0.523279473597827 -0.207719985825104
0.528553286883334 -0.213380933836237
0.521752516393255 -0.214173554943896
0.519574940404625 -0.216819928289654
0.517384262798602 -0.219448227626352
0.516098945615166 -0.222454216266884
0.521208215756844 -0.228260806595366
0.521698886372675 -0.232101856859248
0.510315827240544 -0.230603027880813
0.515327812268012 -0.236487306008302
0.517569114087343 -0.241170504296945
0.513445571629936 -0.242894308236336
0.513826832898094 -0.246742752262177
0.509686047996061 -0.248413229273638
0.510025074080168 -0.252260626752412
0.504973969823846 -0.253429062659248
0.503491191019036 -0.256362283821611
0.49843745308211 -0.257451170836373
0.496931387668653 -0.260346300049966
0.497174668570678 -0.264171059981286
0.501791890472518 -0.270379175707036
0.495822752198225 -0.27089628717016
0.498612310973447 -0.276198775061944
0.496125260097297 -0.278604964588554
0.492758055370865 -0.280496878533655
0.48678717893472 -0.280859827004107
0.489461376877827 -0.286210692576049
0.482626385374631 -0.285994356832819
0.478382598046078 -0.287252658624223
0.481829356461164 -0.293149230345605
0.479264641754575 -0.295422414795931
0.47668981381858 -0.297675698372588
0.476640338241505 -0.301512832166432
0.472352379799802 -0.30266190592386
0.472261418587254 -0.30649331561056
0.467963562915198 -0.307587554663243
0.470328561931146 -0.313075140871612
0.470157804111698 -0.3169237120079
0.466654382593967 -0.318525803045598
0.463970931175754 -0.320666454472406
0.463736360549884 -0.324506683912594
0.462656783483325 -0.327776906899897
0.463992614232731 -0.33279401127045
0.458812081509922 -0.333137319825523
0.457672169759967 -0.336392902759859
0.455707578221862 -0.339049558547368
0.456124014170755 -0.343499466807093
0.453322805713028 -0.345540784597807
0.452888599740561 -0.349393640790776
0.449272068677986 -0.350791402839071
0.449577670833689 -0.355258944838488
0.445941502928332 -0.35661909086029
0.446191462235151 -0.361094418439912
0.447178030184401 -0.366218253669037
0.439650358466212 -0.364346761067711
0.439055941548814 -0.368183215520051
0.438431715869278 -0.372025040178643
0.435501459058167 -0.373917743839749
0.434073866100754 -0.377100621543302
0.434877203965975 -0.382260143712023
0.431898951491462 -0.384118856215853
0.433373924519634 -0.389969282824238
0.431098082284714 -0.392483685585072
0.428072132771035 -0.394307302931175
0.424308014245662 -0.395427248741033
0.420545401200942 -0.396516790979573
0.419678856658394 -0.400336929690358
0.423099390277495 -0.408326959613019
0.417854912584024 -0.407986852765377
0.419743095883906 -0.414627222282611
0.418031374247369 -0.417768799870043
0.402233185142081 -0.406684724043645
0.377490807924155 -0.38613558490868
0.377322869147908 -0.390482333042086
0.372972919021067 -0.390501218534468
0.366576171024634 -0.388301314492906
0.36840454565341 -0.394813995119099
0.364067722378133 -0.394745099427971
0.35907055776865 -0.393900158090487
0.356103738310108 -0.395239329472114
0.353133511955894 -0.396557338519534
0.352142062246383 -0.40010619589912
0.350464927858207 -0.402902388105781
0.347463353389493 -0.404175974114405
0.348343717435693 -0.410000798198104
0.345309752648737 -0.411254391740281
0.346742996097222 -0.417873539073153
0.341769970095191 -0.416790459992947
0.346894526702177 -0.428094834521596
0.356274171352095 -0.444936753738526
0.379740502334769 -0.479938694925235
0.378789957928121 -0.484503011108097
0.378410424011236 -0.489863808624026
0.376161121832618 -0.492851712406101
0.372083611060463 -0.493434682992801
0.372791465454474 -0.500402361389618
0.370466989706093 -0.503367867009909
0.366356451136946 -0.503896765925663
0.366335695080397 -0.510080541199096
0.363940884318669 -0.513018550075282
0.364393509155109 -0.52004073925571
0.359085891679745 -0.518862527454588
0.359447203036081 -0.525896100222789
0.356381904993499 -0.527978160337343
0.353859185381479 -0.530874445534117
0.351864598979233 -0.534594522965942
0.351473429434368 -0.540824766816059
0.347781390803841 -0.542018546002391
0.345692759687086 -0.545722013391367
0.344102978757519 -0.550267335038345
0.342471960445964 -0.554812541592472
0.338718433541934 -0.555941384301347
0.339086006252051 -0.563901303743868
0.337330973668176 -0.568444205005276
0.336039833367395 -0.573848612780769
0.333696573860014 -0.577525407747649
0.331817124425143 -0.582063051514377
0.327445187506317 -0.582240198868949
0.326478212808578 -0.588507414194007
0.324489294461638 -0.593028412287125
0.323408581543038 -0.599306173324053
0.318507530532338 -0.598528990938778
0.316878936274244 -0.603913685675117
0.315657883016536 -0.610187758718182
0.312557287074495 -0.612904513196494
0.310333966915629 -0.617392767189906
0.307181153459469 -0.620083654807406
0.307516986261029 -0.629947857493725
0.302980385559885 -0.629923714401977
0.301451892282313 -0.636193961492415
0.300283563930565 -0.643373749257116
0.295282913349777 -0.642383842483346
0.29442761961988 -0.650467813811699
0.291859940700471 -0.654909745701129
0.292062662668035 -0.665754009432356
0.286995721585459 -0.664687487313882
0.285079557314986 -0.670947573213505
0.28310020696282 -0.677207702863463
0.280677284561078 -0.682542498260306
0.27820182404793 -0.687871895847188
0.276043342895957 -0.694124681050044
0.270908472334452 -0.692924670954508
0.270101345093669 -0.702889936888124
0.266714487581177 -0.706320311271246
0.263992468585214 -0.711610129586619
0.261560241006119 -0.717831623937551
0.256369426764022 -0.71651637596128
0.255179625108669 -0.726486998458609
0.254534212901241 -0.738358540590373
0.249914361136404 -0.738879430013979
0.247186396117806 -0.745066363201488
0.244704214745201 -0.752197345971079
0.241235900584748 -0.75646628495199
0.238024446387999 -0.761674709388258
0.234175081052416 -0.764958842954374
0.232305602785353 -0.774929097991896
0.228075368276114 -0.77722688218159
0.224654216180592 -0.782385124572473
0.222532692618136 -0.792343486573924
0.217654959776373 -0.792660279366101
0.214854465095409 -0.800673815500773
0.211460941903859 -0.806746719887433
0.204781046149824 -0.800212923625821
0.198911227001648 -0.796539593349068
0.19356437769851 -0.794768413870474
0.189399766534567 -0.797826878737895
0.182277056417585 -0.788197992070356
0.177688906708771 -0.789244988854945
0.173094744093424 -0.790265277971412
0.168911274651444 -0.79321496537548
0.160850269153827 -0.777536617088315
0.156127618551338 -0.77747872429121
0.153705198691725 -0.789170901576545
0.147442710095888 -0.781207813094301
0.140559151604476 -0.769264015082098
0.134689707845791 -0.762190712748729
0.129917078794599 -0.76098985054827
0.125975736846782 -0.764692823116518
0.12011401159374 -0.756524040740847
0.116013283707851 -0.759187011218792
0.111740322392256 -0.760838419345182
0.106475232025634 -0.755534264587045
0.101543232454193 -0.752176822258406
0.096141841825731 -0.744820613470355
0.0915629882433594 -0.743382283340104
0.086072359149952 -0.733970400622778
0.0831295895759832 -0.746384935095108
0.0782618072812246 -0.74188347435502
0.07414307949095 -0.74431633312967
0.0694386992172044 -0.740752500536463
0.0643406119990539 -0.732178452050856
0.0601620737384977 -0.733536996260913
0.0552864183164676 -0.725897659418831
0.0509926863662143 -0.725209449702055
0.0463871483048971 -0.719506242135633
0.0428447295698511 -0.730745050717476
0.0382240911856239 -0.723991656618385
0.0339180508092487 -0.722203964146765
0.029469700062527 -0.716394121122043
0.0250195219524889 -0.708558412215442
0.0209857313777137 -0.711690662492169
0.0167270691554693 -0.70680209758989
0.0125259961099111 -0.701888238554725
0.00845482206898871 -0.702949156044576
0.00434067925541327 -0.698986522404833
0.000275674748267112 -0.701999945871389
-0.00377542187200428 -0.695989760118415
-0.00790272454194993 -0.702955579638439
-0.0118553244244996 -0.694898878458434
-0.0158974545601 -0.694818156742114
-0.0200824931129171 -0.699711864605974
-0.0238764535425496 -0.691587966180898
-0.0278184869161553 -0.689438997871237
-0.0321053563299919 -0.695259121547445
-0.0358376080535156 -0.689068694579142
-0.0394989354728196 -0.682858575472633
-0.0435341110885027 -0.683615228891029
-0.0472326355037252 -0.679360050447016
-0.0514092545635017 -0.682065311055492
-0.0547283874505808 -0.673780975990759
-0.0588204578617991 -0.675443671772065
-0.0630262682700475 -0.678077200256691
-0.0659862763551257 -0.667747565576083
-0.069661292374893 -0.665363287493877
-0.0734207202388502 -0.663952858145523
-0.0786700867215657 -0.675433947514649
-0.0807758444241774 -0.660075952415751
-0.0856321539197525 -0.66752987514797
-0.0883167616425872 -0.658100409977814
-0.0911721431759513 -0.650643251182016
-0.0956781342043522 -0.655049383356075
-0.0993367530731552 -0.653493082969424
-0.103448601484241 -0.654879673566797
-0.10580041516646 -0.645385367164925
-0.109720440394776 -0.645744860575426
-0.113128489917751 -0.643125916729321
-0.116867735472906 -0.642456949846007
-0.121711170472971 -0.647663022707101
-0.124715045238544 -0.64301722954455
-0.1278651260329 -0.639339119360446
-0.130573028743861 -0.633687370999813
-0.133012031294623 -0.627047685212917
-0.137083799124908 -0.628217344569124
-0.143143526803776 -0.638142563017212
-0.145281451547039 -0.630477834532179
-0.150788266041265 -0.637407168789518
-0.152370794661188 -0.627773160412516
-0.155295515571382 -0.623964985270342
-0.159664059627242 -0.625957976275843
-0.163049858855239 -0.624051074454076
-0.165902055292999 -0.620193927775465
-0.169242979512879 -0.618253842596715
-0.17445440625348 -0.623036644298508
-0.175598654873804 -0.6133588773357
-0.17916368412794 -0.612327015809121
-0.183295448847439 -0.613190654227391
-0.189195111410884 -0.619765447422025
-0.190416966511416 -0.611016676421021
-0.19518042086091 -0.613710520777148
-0.19658686909404 -0.605906430812384
-0.201364757586442 -0.60855010837412
-0.20458171862063 -0.606420910264669
-0.208756229228231 -0.607111881582308
-0.210961713781909 -0.602112244783479
-0.215469157351577 -0.603700291726119
-0.216927616804086 -0.596797628235652
-0.22317224509385 -0.603028315271987
-0.224913728216647 -0.597040882067291
-0.22408739385814 -0.584517613005687
-0.231117755722397 -0.592520533812831
-0.231610177721505 -0.583730010857599
-0.236124524285001 -0.58515485901698
-0.24028365251788 -0.585621692163692
-0.242916295248275 -0.582368159760519
-0.247080573182364 -0.582786573589229
-0.245718368285919 -0.570318756036399
-0.252640997413493 -0.577124359584584
-0.252336885212404 -0.567421445101701
-0.256456687105017 -0.567766648931688
-0.261005958726377 -0.568991994240099
-0.263044785803428 -0.564744580019701
-0.269317960635423 -0.569532998235551
-0.271760981653742 -0.566153661871576
-0.276363716154373 -0.5672601664081
-0.280545276368244 -0.567435765446156
-0.284738201572835 -0.567581850101875
-0.286674296685029 -0.563242263701991
-0.286275709326217 -0.554456687442555
-0.29413558565141 -0.561640683403101
-0.296928675183477 -0.559036995067218
-0.301598286474742 -0.559941491225199
-0.302453823909623 -0.553789386321593
-0.304701338481322 -0.550270928114225
-0.306918185933693 -0.546745120822464
-0.312071758992733 -0.548427039121141
-0.312758688348413 -0.542271152526649
