Nombre d'objet : 5
Nombre de balles : 2

Coordonnées des points (données brutes) (x, y)  : 
-0.172746794620879 0.303248322251273
-0.168530263155555 0.299889230217958
-0.167267745196232 0.301739128084126
-0.163110962792449 0.298319985614307
-0.161847456986496 0.300143966567719
-0.156342754133842 0.294016909768545
-0.152772353869942 0.291378804810915
-0.149697193370154 0.289597566110454
-0.148918065150012 0.292245461679008
-0.145420198828643 0.28953232250068
-0.142846241785631 0.288580926618031
-0.141603507395001 0.290305781364123
-0.137313368146177 0.285716710971466
-0.135648987989612 0.286510649116912
-0.129330868663476 0.277325668503207
-0.129802289039647 0.282616994818195
-0.126919835319068 0.280633845789457
-0.1232513481757 0.276799756453781
-0.122040526303091 0.278427925933561
-0.120418804512194 0.279133142997842
-0.11605764249593 0.273385485383345
-0.114465354564949 0.274055984434422
-0.114009286042238 0.277492130872461
-0.113142431423155 0.280004982476485
-0.109665466241651 0.276011748869503
-0.106602682375339 0.272919160394397
-0.102862824772473 0.267933273931827
-0.0998905952196952 0.26478457089992
-0.0973060488285094 0.262548153414538
-0.0940668148270263 0.258411366523027
-0.0891961145498022 0.249537678816684
-0.0844319504857294 0.240616387091934
-0.0810771540380738 0.235430446402088
-0.0797062481078741 0.235898100909198
-0.0805347675058349 0.243002368759609
-0.0809741946167442 0.249172991726972
-0.0807374449025402 0.253451109665374
-0.0798576685768252 0.255825629618054
-0.0798302336395746 0.261067297448476
-0.0771628129858716 0.257695363350037
-0.0762250010662447 0.260059126377928
-0.0741595364991326 0.258575642987181
-0.0721139292968879 0.257076994694904
-0.0692948333294021 0.252670192293928
-0.0673061013314847 0.251137191040188
-0.0655908135367429 0.250557069705862
-0.0641321758011481 0.250934381914896
-0.0626713678637891 0.251303202625994
-0.0602631350780431 0.247776824078778
-0.0581287516420631 0.245204095056619
-0.0569263846901094 0.246512447406036
-0.0552720880447816 0.245863775866169
-0.053840926491851 0.246181141914849
-0.0511601348216655 0.240621363567388
-0.0511754605725571 0.247770200458382
-0.0493401299308748 0.246102725662282
-0.0471442097546496 0.242459117144746
-0.0457329911325312 0.242729259715577
-0.0443202249281451 0.242991188445834
-0.0423848339413404 0.240290503041142
-0.0411542876837718 0.241518787271801
-0.0399108797979897 0.242740852914688
-0.0381851516169039 0.240993556337081
-0.0367826099663283 0.241211607523487
-0.0355238187887783 0.242410928587517
-0.0336953659527321 0.239642697183351
-0.0317668615846571 0.235870444322855
-0.0305219372895233 0.237043057995999
-0.0286547652533142 0.2332464456927
-0.0271812915902938 0.232415957686824
-0.0259392129262964 0.233564032403888
-0.0246846932841113 0.234705487616863
-0.0227261038123281 0.22887447259472
-0.0212082846633352 0.227011472533084
-0.0204107178705532 0.233108134984622
-0.0192172053067579 0.235216281367166
-0.0172435548496838 0.22734700309471
-0.0161302351406866 0.230436141944588
-0.0145333858086276 0.226534281504892
-0.0133317909603895 0.228611599333429
-0.0118968791998036 0.226688032911544
-0.0106245988278033 0.227752317001931
-0.00938112476299367 0.22980860405603
-0.0079392115100024 0.226861122541081
-0.00650275082445416 0.222905168696724
-0.00525265838590769 0.22493867959931
-0.00387395080804218 0.220966043783059
-0.00263534327825408 0.224984566061332
-0.00131473843690364 0.22299612432247
-1.767145865824E-05 0.224999999306043
0.00126823304936401 0.220996361021924
0.00261155832068239 0.225984910476646
0.0038566136288633 0.22196649866887
0.00524051314735551 0.225939233029486
0.00638072696913695 0.219907449449411
0.00786875863432378 0.225862973144238
0.00893872090080434 0.219818332421701
0.0100779591574889 0.216765852336617
0.0112342434394301 0.214706291883456
0.0127733350454276 0.219628873128779
0.0139868659647431 0.218552894239551
0.0149792995464084 0.214477552636864
0.0163776400990313 0.216381082594543
0.0176360841188842 0.216282150296671
0.0187197937261364 0.214183494515453
0.0200582768113727 0.215066653694519
0.0210130538216785 0.211960967088488
0.0224545868157127 0.213824207074259
0.0231469367461436 0.208720433401404
0.0251727265251306 0.215534994465611
0.0256954243394079 0.209429570901575
0.026658170610123 0.207292889264735
0.0282635289034926 0.210107527075832
0.0293461961079402 0.208949277993475
0.030271509269351 0.206796121159357
0.0310221817085646 0.203650740833518
0.0323626650208973 0.204454537520558
0.0335514600812317 0.204262819735794
0.0347391197764089 0.204064189796153
0.0352313893481633 0.199919356753162
0.0360351948922853 0.197743431569989
0.0379248860843411 0.201461418180975
0.0383333234032774 0.197310811454567
0.0404625623461937 0.201987081389826
0.0406262632337824 0.196851483955949
0.0430175766560066 0.202480833904458
0.0444082111236562 0.203204111141475
0.0447128067578374 0.199039606389875
0.0454201885551865 0.196827351939743
0.0470254278119221 0.198505942326938
0.0479431975269468 0.197257318776496
0.04908986167039 0.196975088478675
0.0499874022493198 0.195717295138587
0.0518843565236423 0.198325524197284
0.0512261426491806 0.191258679043033
0.0531308540834721 0.193850747598148
0.0523680452749531 0.186798254365721
0.0545559326626015 0.19033562517646
0.055662220393091 0.190015044722545
0.0556198240452267 0.185855952751527
0.0572845712920847 0.187441932053322
0.0574805005261198 0.184241667543655
0.0594614129785327 0.186762791708082
0.0608557464211247 0.187364826281583
0.06068688666951 0.183210539506771
0.0620715795723053 0.183801847132718
0.0644415823235621 0.187219877330468
0.0648676630904592 0.184954551945019
0.0642602678757013 0.179865555269882
0.0653054854483416 0.179488700397425
0.0677379903529978 0.182856677928199
0.0677420789084128 0.179652472137642
0.071652081284582 0.186724340265504
0.0691002187494518 0.176989151556749
0.0704977199709386 0.177513581111134
0.0719036483905916 0.178027709495242
0.0740777025780321 0.18038152339073
0.075896276075087 0.181793166202512
0.0726556693121828 0.17122252689643
0.0772141993242213 0.179061351002162
0.0778532143145284 0.177693210396166
0.0801054449145137 0.179978103376627
0.0745601009495339 0.164929655751764
0.0792733114864869 0.172672354724103
0.0823889687794835 0.176740085502563
0.0817046070466738 0.172642280995556
0.0835735578297446 0.173966837160645
0.082392836068954 0.168983491988166
0.0864788118581562 0.174775327491044
0.0874940428819849 0.174269310150024
0.0885063131497835 0.173757395619963
0.0863022083101615 0.167020743743972
0.0923786926432815 0.176258835652339
0.0901169401871239 0.169537420917361
0.092050615384973 0.170770852920654
0.0896852554326187 0.164090081839171
0.0950005444291076 0.171437733764108
0.09648599259748 0.17175404866401
0.0974834790713491 0.171189869174977
0.0999773266512753 0.173218169242329
0.0959341075079855 0.164001972599863
0.0958666503510724 0.161720701675652
0.0998953280521763 0.166303708417305
0.103980465357105 0.170845142816879
0.10339794971826 0.167683821503627
0.0980139786436501 0.156902071338915
0.10748072249301 0.169849622585334
0.101451669582978 0.158276842080029
0.101826148255083 0.156845259831255
0.102736817719989 0.156250268111033
0.104752502712949 0.157314694721675
0.108461246385711 0.160848245350884
0.109395089551932 0.160214588542756
0.110893917598226 0.160398064326593
0.111251638778321 0.158931031800394
0.112174282013762 0.158281175301098
0.110761312226334 0.154375942795179
0.114595820495531 0.157774516082148
0.113142209174097 0.153882554252277
0.112244319907965 0.15081516053898
0.117331640141017 0.15575071820643
0.117629343323141 0.154270339305282
0.120357623921007 0.155958463585948
0.113876253421892 0.145798487326148
0.125264522007075 0.158470184976036
0.121811525890778 0.152272624460736
0.122695257503971 0.151561452177109
0.124842271396458 0.152392280882508
0.123173822453649 0.148584014827157
0.126606769653634 0.150929539447623
0.126188367538967 0.148665718636983
0.132263393676027 0.153998034705967
0.1285653652289 0.1479423768349
0.130744443818233 0.148693948803107
0.13227188945859 0.14867799857092
0.133803551365277 0.148649284028009
0.131299352498922 0.144171703303262
0.131458179826568 0.142670063281285
0.137059090854979 0.147023146524643
0.136539768504704 0.144768406832022
0.138760297238115 0.145418636736802
0.142382057906063 0.147486777666455
0.134852961397252 0.138071281599004
0.137762470255334 0.139418441352456
0.137864161576044 0.137907479684513
0.14293064376763 0.14132172894559
0.143750315053126 0.140487888880598
0.142407433511059 0.137564976941056
0.146098295617551 0.139496551991964
0.143998240613843 0.135898884101812
0.141130127418626 0.131648346494752
0.156597553267667 0.144382153712224
0.150782621771132 0.13740669915191
0.153065458299786 0.137865751640777
0.150130270330647 0.133648426591737
0.148652866887611 0.130791150947204
0.150920387279806 0.131236567706236
0.153198069054115 0.131659984954012
0.153961362807177 0.130766581214608
0.163144762980345 0.136940813171557
0.159320618853181 0.13215876969857
0.162406807773562 0.133131622046759
0.163178506450104 0.132184624796961
0.157699171502361 0.126233796217451
0.156077891114409 0.123453197225826
0.158369209055148 0.12377476973619
0.163043922599437 0.125907423543605
0.165363621070789 0.126170015559786
0.164497707887335 0.124002032643876
0.169226366469968 0.126029508018448
0.168345672329953 0.123857719209487
0.171490069103166 0.124640106703226
0.171399895896639 0.12305720493584
0.175375640637468 0.124371960951806
0.174458059777886 0.122202231479362
0.173521225695858 0.120047424932845
0.17504229478912 0.11960014646713
0.174906126072557 0.118020536612451
0.185575854453515 0.12365517475564
0.17877352257239 0.117626645055699
0.171907587192988 0.111681607552386
0.188547189109009 0.120937824848521
0.181643817661471 0.115024012733717
0.178070092083183 0.111315058754361
0.18552279135823 0.114478355537851
0.181915278377334 0.110796351442171
0.190270383563598 0.114372991298477
0.184052038978767 0.109182631163378
0.19331415266175 0.113162000603867
0.191371360839973 0.11053507248949
0.199830579388675 0.113875983162327
0.194387773569097 0.109281258625847
0.195020190003686 0.108148626856407
0.201787361530884 0.110371466993985
0.203306107691707 0.10967053649567
0.20040919810368 0.106607473075015
0.199254805024269 0.104510873476115
0.209630292531295 0.108402677334297
0.202239051828855 0.103093966435315
0.203728890784094 0.102364735431119
0.204320914719185 0.101177882011413
0.211196998970925 0.103057399664823
0.205484200427185 0.098793944018853
0.213285437671387 0.101021394156509
0.212963258861425 0.0993561793504654
0.205359588617618 0.0943580381462161
0.215015849903487 0.0972840392370768
0.223799327481214 0.0996938364140741
0.223459656545729 0.0979886824917293
0.224025890486487 0.0966871262978501
0.218141544300867 0.0926459208493971
0.226058283552243 0.0944597927025772
0.220129547003789 0.0904819459113618
0.227141939170162 0.0918234146066164
0.233247893375651 0.0927168821511003
0.239371740145865 0.093542343457604
0.225909203272277 0.0867699941044421
0.229216872189244 0.0865137301460277
0.239092430968462 0.0886555663993581
0.24148335618206 0.0879476474219083
0.239166078757367 0.0855312034980517
0.240603121583734 0.0844697453776377
0.23636316057034 0.0814398939414807
0.243464230871868 0.082305335707777
0.241091358238557 0.0799434611627971
0.24440530228569 0.0794672776345111
0.252485648299092 0.0804735820191149
0.245313291751214 0.0766184631155155
0.248623575737107 0.0760678485806932
0.250977727656949 0.0751942831613848
0.252370481146429 0.0740144597083553
0.256641581990564 0.0736484785544169
0.261879627637196 0.073505514273446
0.255552349839696 0.0701284285536864
0.252092487122447 0.067604570381144
0.259253021829655 0.0679107552026366
0.256737223222174 0.0656581922700235
0.25808506743108 0.0644057293188638
0.262341905199745 0.0638492347343957
0.275357833398327 0.0653227646856694
0.269887233841195 0.0623689106009398
0.272196707575876 0.0612368547922973
0.275478953179645 0.0602938334744675
0.269956412723162 0.0574415810162088
0.2742031796765 0.0566799457947596
0.275508714005421 0.0552806341052554
0.274844042317221 0.0534860019325585
0.28006393038416 0.0528128289128341
0.280366411896261 0.051182761555194
0.293461413935254 0.0518111815260112
0.285871725467864 0.0487581437098067
0.293057603568712 0.0482311205609386
0.288394943173272 0.0457422862577454
0.293598895673768 0.0448183942053223
0.295833462502138 0.0434000283870419
0.297071158724619 0.0418177791616429
0.296318361320637 0.03995533436542
0.311422652129006 0.0401488697342269
0.304703302607202 0.0374819607313127
0.304916185273561 0.035708821854263
0.31306972691541 0.0348187605912485
0.315255972461981 0.0332065027825962
0.317433987340084 0.0315699806996344
0.325577461570725 0.0304682870730064
0.331726240847168 0.0290981293798498
0.321923232738583 0.0263520819507711
0.330048072568607 0.0250852505219244
0.339166345566668 0.0237947480539584
0.33530727133294 0.0215646421546523
0.349403169546201 0.0204309840944801
0.353510577623568 0.0186083719935817
0.343623780604044 0.0160840729724811
0.35270398285196 0.0144533899264015
0.356779623512917 0.0125419394824391
0.365842676618452 0.0107301428064356
0.358900838996245 0.00843728438488735
0.360943534598651 0.00638473424914297
0.365974216238495 0.00434431221477632
0.372993167330361 0.00225768130291149
0.369999989729443 8.71791953304691E-05
0.37899409636171 -0.00211540137339139
0.380975248337173 -0.0043428279299848
0.395941316592179 -0.00681717061927212
0.390896287111505 -0.00900514977330431
0.395835208233581 -0.0114231310365184
0.392763863305903 -0.0136215887847894
0.412661591180576 -0.0167155964391061
0.406563802353585 -0.018838116036238
0.418431044587828 -0.0218279849078987
0.429278532024971 -0.0248986333457507
0.41715080836858 -0.0266308670050395
0.436940453418451 -0.03044733430825
0.441741742238696 -0.0333651489419964
0.449513815539162 -0.0365831879341309
0.440327456316976 -0.0384152471477317
0.467975957594219 -0.0435718155895909
0.46074861401822 -0.0456038888724342
0.468431914330371 -0.049117630610441
0.475095732862433 -0.0526122097607341
0.470808573135616 -0.0549116332119629
0.490332704481264 -0.0600819350228426
0.493942310685022 -0.0634428381705987
0.498520367672418 -0.0669809153099419
0.511986533646764 -0.0718247127691513
0.520465356639291 -0.0761039587560089
0.531877276045599 -0.0809355498301782
0.541274738867224 -0.0855900523671906
0.542741295201659 -0.0890611390159889
0.549114936020905 -0.0933905082904985
0.562350301911655 -0.0990107970873396
0.581441352784172 -0.1058628984702
0.57295355323869 -0.107764678031158
0.581152057709299 -0.112810840880866
0.581466537874723 -0.116385846785524
0.570006349830732 -0.117544719799085
0.579094939353648 -0.122935150445245
0.569577221748 -0.124381624309338
0.56981975688649 -0.127911862865886
0.568091605094687 -0.130999726033843
0.570239261746626 -0.134993275249783
0.574303077440737 -0.139488262022647
0.568630143254563 -0.141618361035198
0.566827770619615 -0.144676461300368
0.559204206135256 -0.146200738167213
0.554480298764252 -0.148416974373911
0.553607553350494 -0.151639958036395
0.56138235403318 -0.1572858944094
0.558535231393138 -0.15999811027826
0.552796467721968 -0.161839628256233
0.543223080631268 -0.162473642999334
0.550876196513327 -0.168259965871298
0.549888082430285 -0.171461648193246
0.542210927201576 -0.172534954206988
0.543100369487863 -0.17630368306461
0.541116268676619 -0.179145705428552
0.540064995753807 -0.182290428606224
0.538995447293139 -0.185428983164091
0.539795054784066 -0.189222881361286
0.534918154518868 -0.191014575271439
0.526279662581306 -0.191388914917522
0.499837330211112 -0.185071994984188
0.48003737422779 -0.180922965221357
0.479910474124229 -0.184070467011569
0.476968430781083 -0.186131985532393
0.467512566997703 -0.185582864778024
0.467352379981053 -0.188673667813093
0.463471650200391 -0.190249913168248
0.458665622346534 -0.191402316802767
0.455703220792363 -0.193286250311467
0.455489460898795 -0.196329699765791
0.458003704531497 -0.200580673633889
0.451347197667428 -0.200802657247756
0.454727853201842 -0.205483769486653
0.45170709470406 -0.207291342303573
0.455025736027752 -0.212027308506246
0.453784642532092 -0.214670673828592
0.452528193183936 -0.21730677479932
0.468335857153347 -0.228259775046853
0.461621991478535 -0.228320250927051
0.479054951903684 -0.240421199266118
0.489233033397258 -0.249102466934627
0.494883531848013 -0.255615511864277
0.496045591968709 -0.259882224648807
0.497174668570678 -0.264171059981286
0.493868860622952 -0.266110030827451
0.494945189804953 -0.270416824714992
0.495988035652535 -0.27474509729846
0.498741034755104 -0.280073883558265
0.494496179022966 -0.28148628551261
0.492850364437465 -0.284358081077112
0.481692148673417 -0.281667665709763
0.481766088787511 -0.285484562970372
0.480097231013985 -0.288282238045815
0.480975049091552 -0.292629462206695
0.476710833716806 -0.293848227860961
0.475841611302888 -0.297146026311427
0.476640338241505 -0.301512832166432
0.472352379799802 -0.30266190592386
0.47561673950084 -0.308670888012767
0.471306159793164 -0.309784608625123
0.465333922335418 -0.309750449110144
0.468499399158923 -0.315805815316514
0.466654382593967 -0.318525803045598
0.467261505155724 -0.322940684645969
0.462097716166315 -0.323360017184988
0.465104702972655 -0.329511176248573
0.459929631621236 -0.329879878071935
0.462858043427998 -0.336075038695237
0.454449126310953 -0.334023938655917
0.458114484444865 -0.340840313258005
0.452928749623149 -0.341093165813698
0.452527502545111 -0.344934572695004
0.451305073168042 -0.348171984704095
0.450060265289702 -0.351406826352823
0.451146877363649 -0.35649894115555
0.442036586090081 -0.353496331745927
0.446191462235151 -0.361094418439912
0.440988714887731 -0.361149488912372
0.438880392864694 -0.363708675671796
0.435224737870377 -0.364970447496316
0.440719185691205 -0.37396604038827
0.43474274571486 -0.373266319198913
0.437093510386672 -0.379723930214908
0.434126120712147 -0.381599936209929
0.431151721471581 -0.38345429072067
0.431143870019533 -0.387962579825142
0.429619186633651 -0.391137257847216
0.428072132771035 -0.394307302931175
0.430160538580085 -0.400881417689186
0.42418333719749 -0.399946867026109
0.42112602512963 -0.401717401861704
0.422379833491309 -0.407632526008235
0.418570417571325 -0.408685460389976
0.414763093051385 -0.409707916255529
0.417324045356934 -0.417061915267894
0.412781258179024 -0.417349533240594
0.414540831664859 -0.424034077501569
0.410677376917889 -0.425000108338624
0.410960901513953 -0.430274490792609
0.40639156038686 -0.430476363632584
0.406609461498949 -0.435757668687006
0.403389748258825 -0.437380510539372
0.400838615145115 -0.439719688675122
0.400951389563448 -0.445015711191347
0.397025812876966 -0.445846951216877
0.399050291926483 -0.453403644133336
0.397062324633362 -0.456471806749059
0.391792636748753 -0.455740638729376
0.391077333329291 -0.460298293887834
0.387750057443553 -0.461799624244673
0.387611415526728 -0.467125668908663
0.387423843651506 -0.472465623479945
0.382150594751763 -0.471603565434861
0.384401079616734 -0.480063339559989
0.380981484368542 -0.481507122032834
0.379405876558898 -0.485290820882256
0.378410424011236 -0.489863808624026
0.373734275885311 -0.489672023938965
0.373889842182116 -0.495829996987912
0.373986309895033 -0.502006215112021
0.369281495339034 -0.501757089835477
0.369296711579458 -0.507940881222016
0.366919032174474 -0.510892771360241
0.365098089038284 -0.514649769630371
0.362671965017369 -0.517583853873399
0.360224040306305 -0.520507099649372
0.359447203036081 -0.525896100222789
0.357500843470715 -0.529635862567601
0.35441382360308 -0.531706537141537
0.352964175851043 -0.536265130850211
0.352563269525637 -0.542501742837194
0.346701324372773 -0.540335258592446
0.346763015909027 -0.547411555228491
0.344102978757519 -0.550267335038345
0.343522487931995 -0.556514420554412
0.342360567235933 -0.561919248648674
0.33960133452903 -0.564758296606701
0.339882645178525 -0.572744085527253
0.334523864194309 -0.57125982204642
0.335197458000314 -0.580122973299737
0.332807623304025 -0.583800553160689
0.326955000099871 -0.581368581804773
0.32599310402283 -0.587632960383912
0.324009280712435 -0.592151151322203
0.323883484012264 -0.600186211757716
0.319916855888676 -0.601177349305764
0.317343568145614 -0.604799189613057
0.314279464313407 -0.607523183352601
0.311648690309744 -0.611122814030226
0.311232183896571 -0.619179721653553
0.308956767063281 -0.623667953390108
0.305762253101194 -0.626353290546542
0.304280730562288 -0.632627249656921
0.301023693571684 -0.635290276888023
0.298168890945139 -0.638842948206009
0.295282913349777 -0.642383842483346
0.294015256006967 -0.649556794464624
0.291859940700471 -0.654909745701129
0.288447031355776 -0.657512212891928
0.288184930376559 -0.667441717233691
0.283906390412456 -0.668186472089169
0.282328816753112 -0.675362450267105
0.279916641513487 -0.680692789592934
0.277451953902248 -0.686017793702047
0.274934735093162 -0.691337031728558
0.271636720915996 -0.694787371682881
0.270818745744648 -0.704756842430987
0.267774280247062 -0.70912688204451
0.262601203928638 -0.707859878574305
0.260875528333328 -0.715952483560751
0.257043196610971 -0.718399467619523
0.256173831440261 -0.729317467283773
0.25290467248574 -0.733631533288258
0.249273555082208 -0.736984867372918
0.248760831761868 -0.749812008826975
0.244085493595403 -0.75029545634789
0.240932077032374 -0.755513556633411
0.238024446387999 -0.761674709388258
0.233882362201101 -0.764002644400681
0.232305602785353 -0.774929097991896
0.226385921103699 -0.771469646017282
0.225206192141724 -0.784307446745869
0.222532692618136 -0.792343486573924
0.218184533887751 -0.79458889318451
0.215631984269457 -0.803571308198604
0.210446740743649 -0.802877431063033
0.206268559802244 -0.806025608301069
0.199638064615539 -0.799450213056799
0.19474753404141 -0.799626411510269
0.188244889909357 -0.79296208069681
0.182051744852174 -0.787223705306363
0.177908546890117 -0.790220569805322
0.172880782728661 -0.789288435847837
0.16703679688096 -0.784412333207318
0.160242522544933 -0.774598821305866
0.155536971822897 -0.774537442862618
0.151984618109355 -0.780336898946957
0.14466077216955 -0.766468043035918
0.141278124246954 -0.773198869379193
0.136081849528951 -0.770068652932179
0.131599942509555 -0.770847232032056
0.125000440819581 -0.758772620614971
0.120584432004681 -0.759486928628866
0.115409047855206 -0.755232912202027
0.110432568294037 -0.751933938494588
0.105637943176153 -0.74959297286028
0.102078374654215 -0.756140863482429
0.0963978786881164 -0.746804157048172
0.090707259381272 -0.736434785364963
0.086072359149952 -0.733970400622778
0.0830188977123667 -0.745391080321346
0.0779470815146781 -0.738900028747695
0.0732509836147219 -0.735360655324634
0.0688787097073882 -0.734778690048266
0.0647783032371427 -0.73715925784712
0.0606525254265833 -0.739516917426084
0.0552104754341648 -0.724900547249299
0.0518343813268671 -0.737179894538953
0.046644497255271 -0.723497954990754
0.0424350122105765 -0.723757051598593
0.038065922532442 -0.720995829073757
0.0339649637425948 -0.723202863128987
0.0293874972729523 -0.714395811160754
0.0252665412101299 -0.715554052392464
0.0208088853267779 -0.70569326926892
0.0164904769467639 -0.696804896775323
0.0125616827085148 -0.703887920146049
0.00855103626038546 -0.710948577450489
0.0043965678295173 -0.707986348873564
0.0002748893501239 -0.699999946025602
-0.00380254415556753 -0.700989686556047
-0.007756585965783 -0.6899564010676
-0.0119064984867636 -0.697898441962572
-0.0156915882420555 -0.685820511546893
-0.0197669110782855 -0.688716392447881
-0.023703935814641 -0.686590943303868
-0.0274556370868141 -0.680446315290308
-0.0319669711733971 -0.69226231498905
-0.0356817923663264 -0.686072743733146
-0.0392102005643925 -0.677866919219178
-0.0434705576416582 -0.682617250454692
-0.04764878207204 -0.685345601552276
-0.0505073378167736 -0.670099252966799
-0.0545664691445139 -0.671787541150549
-0.057866143648702 -0.664485146123845
-0.0623784211659501 -0.671107243719544
-0.0660846165583375 -0.668742718430891
-0.0701819298365887 -0.670336107280827
-0.074300010301591 -0.671904389380798
-0.0776288649855449 -0.666494380562249
-0.0806543769889531 -0.659083356998585
-0.0865228301120828 -0.674472979347131
-0.089114804669478 -0.66404710042942
-0.0917272247173574 -0.654604549514935
-0.0958226631079842 -0.656038883935163
-0.0997876006665281 -0.6564590122416
-0.102512415045469 -0.64895316068384
-0.107256384182513 -0.654266817171781
-0.111730585867658 -0.657575300769174
-0.112955245675917 -0.642141037836933
-0.116688764974479 -0.641473095405202
-0.121526479774226 -0.646680226011036
-0.124334235940106 -0.641053818156627
-0.127080677406931 -0.635416793474799
-0.131985719935834 -0.640543339465035
-0.133842059571033 -0.630960619286009
-0.138149769569114 -0.63310239390481
-0.141611409544408 -0.631312290935988
-0.147526914476669 -0.640222468759879
-0.150788266041265 -0.637407168789518
-0.152134926557997 -0.626801375334478
-0.158435238281224 -0.636580140493538
-0.160652691575398 -0.629833877057737
-0.164061020770621 -0.627921158636737
-0.167452541791064 -0.625990132707946
-0.167658801857532 -0.612466755146511
-0.173915134518539 -0.621110719586612
-0.1783509848875 -0.62297265284253
-0.17916368412794 -0.612327015809121
-0.185013843680383 -0.618939316610773
-0.186567401530177 -0.611157593985608
-0.190416966511416 -0.611016676421021
-0.193665044922549 -0.6089456875413
-0.198129937140304 -0.610662368259892
-0.198851624886455 -0.600955099221245
-0.20522103649132 -0.608315975609246
-0.210707222024756 -0.612785824400834
-0.214929645702572 -0.613437239983168
-0.213452285363886 -0.598049430961132
-0.215902761921547 -0.593978111881783
-0.22317224509385 -0.603028315271987
-0.22350361079836 -0.593297679044925
-0.226593163438024 -0.591053752448243
-0.228937399536337 -0.586930717456106
-0.233454207798905 -0.588377542791179
-0.235376110578868 -0.583300168497116
-0.24370000776695 -0.593948066933792
-0.242916295248275 -0.582368159760519
-0.248641903818588 -0.586469269156934
-0.253236321582912 -0.587768122163116
-0.255448119606976 -0.583536852468857
-0.256400281109544 -0.576558666439892
-0.259338222915186 -0.574146049481483
-0.262673728430699 -0.572627725832687
-0.270644795666128 -0.581061437869387
-0.270172938288234 -0.571341039499791
-0.270462760403804 -0.563449106161998
-0.277677648243855 -0.56995712441004
-0.280102076879511 -0.566539342435973
-0.285186608189485 -0.568475679787075
-0.284859902402213 -0.559677439248181
-0.290404685903038 -0.562453658896053
-0.292743776886498 -0.558983077645673
-0.296928675183477 -0.559036995067218
-0.297330386194439 -0.552017790877672
-0.301015850103397 -0.551156473232901
-0.305670182164888 -0.552020597202029
-0.307897191311472 -0.548489124397656
-0.311577192021271 -0.547557899597969
-0.315756375457184 -0.547468639611569

Coordonnées des points (filtrage des pics) (x, y)  : 
-0.172746794620879 0.303248322251273
-0.168530263155555 0.299889230217958
-0.167267745196232 0.301739128084126
-0.163110962792449 0.298319985614307
-0.161847456986496 0.300143966567719
-0.156342754133842 0.294016909768545
-0.152772353869942 0.291378804810915
-0.149697193370154 0.289597566110454
-0.148918065150012 0.292245461679008
-0.145420198828643 0.28953232250068
-0.142846241785631 0.288580926618031
-0.141603507395001 0.290305781364123
-0.137313368146177 0.285716710971466
-0.135648987989612 0.286510649116912
-0.129330868663476 0.277325668503207
-0.129802289039647 0.282616994818195
-0.126919835319068 0.280633845789457
-0.1232513481757 0.276799756453781
-0.122040526303091 0.278427925933561
-0.120418804512194 0.279133142997842
-0.11605764249593 0.273385485383345
-0.114465354564949 0.274055984434422
-0.114009286042238 0.277492130872461
-0.113142431423155 0.280004982476485
-0.109665466241651 0.276011748869503
-0.106602682375339 0.272919160394397
-0.102862824772473 0.267933273931827
-0.0998905952196952 0.26478457089992
-0.0973060488285094 0.262548153414538
-0.0940668148270263 0.258411366523027
-0.0891961145498022 0.249537678816684
-0.0844319504857294 0.240616387091934
-0.0810771540380738 0.235430446402088
-0.0797062481078741 0.235898100909198
-0.0805347675058349 0.243002368759609
-0.0809741946167442 0.249172991726972
-0.0807374449025402 0.253451109665374
-0.0798576685768252 0.255825629618054
-0.0798302336395746 0.261067297448476
-0.0771628129858716 0.257695363350037
-0.0762250010662447 0.260059126377928
-0.0741595364991326 0.258575642987181
-0.0721139292968879 0.257076994694904
-0.0692948333294021 0.252670192293928
-0.0673061013314847 0.251137191040188
-0.0655908135367429 0.250557069705862
-0.0641321758011481 0.250934381914896
-0.0626713678637891 0.251303202625994
-0.0602631350780431 0.247776824078778
-0.0581287516420631 0.245204095056619
-0.0569263846901094 0.246512447406036
-0.0552720880447816 0.245863775866169
-0.053840926491851 0.246181141914849
-0.0511601348216655 0.240621363567388
-0.0511754605725571 0.247770200458382
-0.0493401299308748 0.246102725662282
-0.0471442097546496 0.242459117144746
-0.0457329911325312 0.242729259715577
-0.0443202249281451 0.242991188445834
-0.0423848339413404 0.240290503041142
-0.0411542876837718 0.241518787271801
-0.0399108797979897 0.242740852914688
-0.0381851516169039 0.240993556337081
-0.0367826099663283 0.241211607523487
-0.0355238187887783 0.242410928587517
-0.0336953659527321 0.239642697183351
-0.0317668615846571 0.235870444322855
-0.0305219372895233 0.237043057995999
-0.0286547652533142 0.2332464456927
-0.0271812915902938 0.232415957686824
-0.0259392129262964 0.233564032403888
-0.0246846932841113 0.234705487616863
-0.0227261038123281 0.22887447259472
-0.0212082846633352 0.227011472533084
-0.0204107178705532 0.233108134984622
-0.0192172053067579 0.235216281367166
-0.0172435548496838 0.22734700309471
-0.0161302351406866 0.230436141944588
-0.0145333858086276 0.226534281504892
-0.0133317909603895 0.228611599333429
-0.0118968791998036 0.226688032911544
-0.0106245988278033 0.227752317001931
-0.00938112476299367 0.22980860405603
-0.0079392115100024 0.226861122541081
-0.00650275082445416 0.222905168696724
-0.00525265838590769 0.22493867959931
-0.00387395080804218 0.220966043783059
-0.00263534327825408 0.224984566061332
-0.00131473843690364 0.22299612432247
-1.767145865824E-05 0.224999999306043
0.00126823304936401 0.220996361021924
0.00261155832068239 0.225984910476646
0.0038566136288633 0.22196649866887
0.00524051314735551 0.225939233029486
0.00638072696913695 0.219907449449411
0.00786875863432378 0.225862973144238
0.00893872090080434 0.219818332421701
0.0100779591574889 0.216765852336617
0.0112342434394301 0.214706291883456
0.0127733350454276 0.219628873128779
0.0139868659647431 0.218552894239551
0.0149792995464084 0.214477552636864
0.0163776400990313 0.216381082594543
0.0176360841188842 0.216282150296671
0.0187197937261364 0.214183494515453
0.0200582768113727 0.215066653694519
0.0210130538216785 0.211960967088488
0.0224545868157127 0.213824207074259
0.0231469367461436 0.208720433401404
0.0251727265251306 0.215534994465611
0.0256954243394079 0.209429570901575
0.026658170610123 0.207292889264735
0.0282635289034926 0.210107527075832
0.0293461961079402 0.208949277993475
0.030271509269351 0.206796121159357
0.0310221817085646 0.203650740833518
0.0323626650208973 0.204454537520558
0.0335514600812317 0.204262819735794
0.0347391197764089 0.204064189796153
0.0352313893481633 0.199919356753162
0.0360351948922853 0.197743431569989
0.0379248860843411 0.201461418180975
0.0383333234032774 0.197310811454567
0.0404625623461937 0.201987081389826
0.0406262632337824 0.196851483955949
0.0430175766560066 0.202480833904458
0.0444082111236562 0.203204111141475
0.0447128067578374 0.199039606389875
0.0454201885551865 0.196827351939743
0.0470254278119221 0.198505942326938
0.0479431975269468 0.197257318776496
0.04908986167039 0.196975088478675
0.0499874022493198 0.195717295138587
0.0518843565236423 0.198325524197284
0.0512261426491806 0.191258679043033
0.0531308540834721 0.193850747598148
0.0523680452749531 0.186798254365721
0.0545559326626015 0.19033562517646
0.055662220393091 0.190015044722545
0.0556198240452267 0.185855952751527
0.0572845712920847 0.187441932053322
0.0574805005261198 0.184241667543655
0.0594614129785327 0.186762791708082
0.0608557464211247 0.187364826281583
0.06068688666951 0.183210539506771
0.0620715795723053 0.183801847132718
0.0644415823235621 0.187219877330468
0.0648676630904592 0.184954551945019
0.0642602678757013 0.179865555269882
0.0653054854483416 0.179488700397425
0.0677379903529978 0.182856677928199
0.0677420789084128 0.179652472137642
0.071652081284582 0.186724340265504
0.0691002187494518 0.176989151556749
0.0704977199709386 0.177513581111134
0.0719036483905916 0.178027709495242
0.0740777025780321 0.18038152339073
0.075896276075087 0.181793166202512
0.0726556693121828 0.17122252689643
0.0772141993242213 0.179061351002162
0.0778532143145284 0.177693210396166
0.0801054449145137 0.179978103376627
0.0745601009495339 0.164929655751764
0.0792733114864869 0.172672354724103
0.0823889687794835 0.176740085502563
0.0817046070466738 0.172642280995556
0.0835735578297446 0.173966837160645
0.082392836068954 0.168983491988166
0.0864788118581562 0.174775327491044
0.0874940428819849 0.174269310150024
0.0885063131497835 0.173757395619963
0.0863022083101615 0.167020743743972
0.0923786926432815 0.176258835652339
0.0901169401871239 0.169537420917361
0.092050615384973 0.170770852920654
0.0896852554326187 0.164090081839171
0.0950005444291076 0.171437733764108
0.09648599259748 0.17175404866401
0.0974834790713491 0.171189869174977
0.0999773266512753 0.173218169242329
0.0959341075079855 0.164001972599863
0.0958666503510724 0.161720701675652
0.0998953280521763 0.166303708417305
0.103980465357105 0.170845142816879
0.10339794971826 0.167683821503627
0.0980139786436501 0.156902071338915
0.10748072249301 0.169849622585334
0.101451669582978 0.158276842080029
0.101826148255083 0.156845259831255
0.102736817719989 0.156250268111033
0.104752502712949 0.157314694721675
0.108461246385711 0.160848245350884
0.109395089551932 0.160214588542756
0.110893917598226 0.160398064326593
0.111251638778321 0.158931031800394
0.112174282013762 0.158281175301098
0.110761312226334 0.154375942795179
0.114595820495531 0.157774516082148
0.113142209174097 0.153882554252277
0.112244319907965 0.15081516053898
0.117331640141017 0.15575071820643
0.117629343323141 0.154270339305282
0.120357623921007 0.155958463585948
0.113876253421892 0.145798487326148
0.125264522007075 0.158470184976036
0.121811525890778 0.152272624460736
0.122695257503971 0.151561452177109
0.124842271396458 0.152392280882508
0.123173822453649 0.148584014827157
0.126606769653634 0.150929539447623
0.126188367538967 0.148665718636983
0.132263393676027 0.153998034705967
0.1285653652289 0.1479423768349
0.130744443818233 0.148693948803107
0.13227188945859 0.14867799857092
0.133803551365277 0.148649284028009
0.131299352498922 0.144171703303262
0.131458179826568 0.142670063281285
0.137059090854979 0.147023146524643
0.136539768504704 0.144768406832022
0.138760297238115 0.145418636736802
0.142382057906063 0.147486777666455
0.134852961397252 0.138071281599004
0.137762470255334 0.139418441352456
0.137864161576044 0.137907479684513
0.14293064376763 0.14132172894559
0.143750315053126 0.140487888880598
0.142407433511059 0.137564976941056
0.146098295617551 0.139496551991964
0.143998240613843 0.135898884101812
0.141130127418626 0.131648346494752
0.156597553267667 0.144382153712224
0.150782621771132 0.13740669915191
0.153065458299786 0.137865751640777
0.150130270330647 0.133648426591737
0.148652866887611 0.130791150947204
0.150920387279806 0.131236567706236
0.153198069054115 0.131659984954012
0.153961362807177 0.130766581214608
0.163144762980345 0.136940813171557
0.159320618853181 0.13215876969857
0.162406807773562 0.133131622046759
0.163178506450104 0.132184624796961
0.157699171502361 0.126233796217451
0.156077891114409 0.123453197225826
0.158369209055148 0.12377476973619
0.163043922599437 0.125907423543605
0.165363621070789 0.126170015559786
0.164497707887335 0.124002032643876
0.169226366469968 0.126029508018448
0.168345672329953 0.123857719209487
0.171490069103166 0.124640106703226
0.171399895896639 0.12305720493584
0.175375640637468 0.124371960951806
0.174458059777886 0.122202231479362
0.173521225695858 0.120047424932845
0.17504229478912 0.11960014646713
0.174906126072557 0.118020536612451
0.185575854453515 0.12365517475564
0.17877352257239 0.117626645055699
0.171907587192988 0.111681607552386
0.188547189109009 0.120937824848521
0.181643817661471 0.115024012733717
0.178070092083183 0.111315058754361
0.18552279135823 0.114478355537851
0.181915278377334 0.110796351442171
0.190270383563598 0.114372991298477
0.184052038978767 0.109182631163378
0.19331415266175 0.113162000603867
0.191371360839973 0.11053507248949
0.199830579388675 0.113875983162327
0.194387773569097 0.109281258625847
0.195020190003686 0.108148626856407
0.201787361530884 0.110371466993985
0.203306107691707 0.10967053649567
0.20040919810368 0.106607473075015
0.199254805024269 0.104510873476115
0.209630292531295 0.108402677334297
0.202239051828855 0.103093966435315
0.203728890784094 0.102364735431119
0.204320914719185 0.101177882011413
0.211196998970925 0.103057399664823
0.205484200427185 0.098793944018853
0.213285437671387 0.101021394156509
0.212963258861425 0.0993561793504654
0.205359588617618 0.0943580381462161
0.215015849903487 0.0972840392370768
0.223799327481214 0.0996938364140741
0.223459656545729 0.0979886824917293
0.224025890486487 0.0966871262978501
0.218141544300867 0.0926459208493971
0.226058283552243 0.0944597927025772
0.220129547003789 0.0904819459113618
0.227141939170162 0.0918234146066164
0.233247893375651 0.0927168821511003
0.239371740145865 0.093542343457604
0.225909203272277 0.0867699941044421
0.229216872189244 0.0865137301460277
0.239092430968462 0.0886555663993581
0.24148335618206 0.0879476474219083
0.239166078757367 0.0855312034980517
0.240603121583734 0.0844697453776377
0.23636316057034 0.0814398939414807
0.243464230871868 0.082305335707777
0.241091358238557 0.0799434611627971
0.24440530228569 0.0794672776345111
0.252485648299092 0.0804735820191149
0.245313291751214 0.0766184631155155
0.248623575737107 0.0760678485806932
0.250977727656949 0.0751942831613848
0.252370481146429 0.0740144597083553
0.256641581990564 0.0736484785544169
0.261879627637196 0.073505514273446
0.255552349839696 0.0701284285536864
0.252092487122447 0.067604570381144
0.259253021829655 0.0679107552026366
0.256737223222174 0.0656581922700235
0.25808506743108 0.0644057293188638
0.262341905199745 0.0638492347343957
0.275357833398327 0.0653227646856694
0.269887233841195 0.0623689106009398
0.272196707575876 0.0612368547922973
0.275478953179645 0.0602938334744675
0.269956412723162 0.0574415810162088
0.2742031796765 0.0566799457947596
0.275508714005421 0.0552806341052554
0.274844042317221 0.0534860019325585
0.28006393038416 0.0528128289128341
0.280366411896261 0.051182761555194
0.293461413935254 0.0518111815260112
0.285871725467864 0.0487581437098067
0.293057603568712 0.0482311205609386
0.288394943173272 0.0457422862577454
0.293598895673768 0.0448183942053223
0.295833462502138 0.0434000283870419
0.297071158724619 0.0418177791616429
0.296318361320637 0.03995533436542
0.311422652129006 0.0401488697342269
0.304703302607202 0.0374819607313127
0.304916185273561 0.035708821854263
0.31306972691541 0.0348187605912485
0.315255972461981 0.0332065027825962
0.317433987340084 0.0315699806996344
0.325577461570725 0.0304682870730064
0.331726240847168 0.0290981293798498
0.321923232738583 0.0263520819507711
0.330048072568607 0.0250852505219244
0.339166345566668 0.0237947480539584
0.33530727133294 0.0215646421546523
0.349403169546201 0.0204309840944801
0.353510577623568 0.0186083719935817
0.343623780604044 0.0160840729724811
0.35270398285196 0.0144533899264015
0.356779623512917 0.0125419394824391
0.365842676618452 0.0107301428064356
0.358900838996245 0.00843728438488735
0.360943534598651 0.00638473424914297
0.365974216238495 0.00434431221477632
0.372993167330361 0.00225768130291149
0.369999989729443 8.71791953304691E-05
0.37899409636171 -0.00211540137339139
0.380975248337173 -0.0043428279299848
0.395941316592179 -0.00681717061927212
0.390896287111505 -0.00900514977330431
0.395835208233581 -0.0114231310365184
0.392763863305903 -0.0136215887847894
0.412661591180576 -0.0167155964391061
0.406563802353585 -0.018838116036238
0.418431044587828 -0.0218279849078987
0.429278532024971 -0.0248986333457507
0.41715080836858 -0.0266308670050395
0.436940453418451 -0.03044733430825
0.441741742238696 -0.0333651489419964
0.449513815539162 -0.0365831879341309
0.440327456316976 -0.0384152471477317
0.467975957594219 -0.0435718155895909
0.46074861401822 -0.0456038888724342
0.468431914330371 -0.049117630610441
0.475095732862433 -0.0526122097607341
0.470808573135616 -0.0549116332119629
0.490332704481264 -0.0600819350228426
0.493942310685022 -0.0634428381705987
0.498520367672418 -0.0669809153099419
0.511986533646764 -0.0718247127691513
0.520465356639291 -0.0761039587560089
0.531877276045599 -0.0809355498301782
0.541274738867224 -0.0855900523671906
0.542741295201659 -0.0890611390159889
0.549114936020905 -0.0933905082904985
0.562350301911655 -0.0990107970873396
0.581441352784172 -0.1058628984702
0.57295355323869 -0.107764678031158
0.581152057709299 -0.112810840880866
0.581466537874723 -0.116385846785524
0.570006349830732 -0.117544719799085
0.579094939353648 -0.122935150445245
0.569577221748 -0.124381624309338
0.56981975688649 -0.127911862865886
0.568091605094687 -0.130999726033843
0.570239261746626 -0.134993275249783
0.574303077440737 -0.139488262022647
0.568630143254563 -0.141618361035198
0.566827770619615 -0.144676461300368
0.559204206135256 -0.146200738167213
0.554480298764252 -0.148416974373911
0.553607553350494 -0.151639958036395
0.56138235403318 -0.1572858944094
0.558535231393138 -0.15999811027826
0.552796467721968 -0.161839628256233
0.543223080631268 -0.162473642999334
0.550876196513327 -0.168259965871298
0.549888082430285 -0.171461648193246
0.542210927201576 -0.172534954206988
0.543100369487863 -0.17630368306461
0.541116268676619 -0.179145705428552
0.540064995753807 -0.182290428606224
0.538995447293139 -0.185428983164091
0.539795054784066 -0.189222881361286
0.534918154518868 -0.191014575271439
0.526279662581306 -0.191388914917522
0.499837330211112 -0.185071994984188
0.48003737422779 -0.180922965221357
0.479910474124229 -0.184070467011569
0.476968430781083 -0.186131985532393
0.467512566997703 -0.185582864778024
0.467352379981053 -0.188673667813093
0.463471650200391 -0.190249913168248
0.458665622346534 -0.191402316802767
0.455703220792363 -0.193286250311467
0.455489460898795 -0.196329699765791
0.458003704531497 -0.200580673633889
0.451347197667428 -0.200802657247756
0.454727853201842 -0.205483769486653
0.45170709470406 -0.207291342303573
0.455025736027752 -0.212027308506246
0.453784642532092 -0.214670673828592
0.452528193183936 -0.21730677479932
0.468335857153347 -0.228259775046853
0.461621991478535 -0.228320250927051
0.479054951903684 -0.240421199266118
0.489233033397258 -0.249102466934627
0.494883531848013 -0.255615511864277
0.496045591968709 -0.259882224648807
0.497174668570678 -0.264171059981286
0.493868860622952 -0.266110030827451
0.494945189804953 -0.270416824714992
0.495988035652535 -0.27474509729846
0.498741034755104 -0.280073883558265
0.494496179022966 -0.28148628551261
0.492850364437465 -0.284358081077112
0.481692148673417 -0.281667665709763
0.481766088787511 -0.285484562970372
0.480097231013985 -0.288282238045815
0.480975049091552 -0.292629462206695
0.476710833716806 -0.293848227860961
0.475841611302888 -0.297146026311427
0.476640338241505 -0.301512832166432
0.472352379799802 -0.30266190592386
0.47561673950084 -0.308670888012767
0.471306159793164 -0.309784608625123
0.465333922335418 -0.309750449110144
0.468499399158923 -0.315805815316514
0.466654382593967 -0.318525803045598
0.467261505155724 -0.322940684645969
0.462097716166315 -0.323360017184988
0.465104702972655 -0.329511176248573
0.459929631621236 -0.329879878071935
0.462858043427998 -0.336075038695237
0.454449126310953 -0.334023938655917
0.458114484444865 -0.340840313258005
0.452928749623149 -0.341093165813698
0.452527502545111 -0.344934572695004
0.451305073168042 -0.348171984704095
0.450060265289702 -0.351406826352823
0.451146877363649 -0.35649894115555
0.442036586090081 -0.353496331745927
0.446191462235151 -0.361094418439912
0.440988714887731 -0.361149488912372
0.438880392864694 -0.363708675671796
0.435224737870377 -0.364970447496316
0.440719185691205 -0.37396604038827
0.43474274571486 -0.373266319198913
0.437093510386672 -0.379723930214908
0.434126120712147 -0.381599936209929
0.431151721471581 -0.38345429072067
0.431143870019533 -0.387962579825142
0.429619186633651 -0.391137257847216
0.428072132771035 -0.394307302931175
0.430160538580085 -0.400881417689186
0.42418333719749 -0.399946867026109
0.42112602512963 -0.401717401861704
0.422379833491309 -0.407632526008235
0.418570417571325 -0.408685460389976
0.414763093051385 -0.409707916255529
0.417324045356934 -0.417061915267894
0.412781258179024 -0.417349533240594
0.414540831664859 -0.424034077501569
0.410677376917889 -0.425000108338624
0.410960901513953 -0.430274490792609
0.40639156038686 -0.430476363632584
0.406609461498949 -0.435757668687006
0.403389748258825 -0.437380510539372
0.400838615145115 -0.439719688675122
0.400951389563448 -0.445015711191347
0.397025812876966 -0.445846951216877
0.399050291926483 -0.453403644133336
0.397062324633362 -0.456471806749059
0.391792636748753 -0.455740638729376
0.391077333329291 -0.460298293887834
0.387750057443553 -0.461799624244673
0.387611415526728 -0.467125668908663
0.387423843651506 -0.472465623479945
0.382150594751763 -0.471603565434861
0.384401079616734 -0.480063339559989
0.380981484368542 -0.481507122032834
0.379405876558898 -0.485290820882256
0.378410424011236 -0.489863808624026
0.373734275885311 -0.489672023938965
0.373889842182116 -0.495829996987912
0.373986309895033 -0.502006215112021
0.369281495339034 -0.501757089835477
0.369296711579458 -0.507940881222016
0.366919032174474 -0.510892771360241
0.365098089038284 -0.514649769630371
0.362671965017369 -0.517583853873399
0.360224040306305 -0.520507099649372
0.359447203036081 -0.525896100222789
0.357500843470715 -0.529635862567601
0.35441382360308 -0.531706537141537
0.352964175851043 -0.536265130850211
0.352563269525637 -0.542501742837194
0.346701324372773 -0.540335258592446
0.346763015909027 -0.547411555228491
0.344102978757519 -0.550267335038345
0.343522487931995 -0.556514420554412
0.342360567235933 -0.561919248648674
0.33960133452903 -0.564758296606701
0.339882645178525 -0.572744085527253
0.334523864194309 -0.57125982204642
0.335197458000314 -0.580122973299737
0.332807623304025 -0.583800553160689
0.326955000099871 -0.581368581804773
0.32599310402283 -0.587632960383912
0.324009280712435 -0.592151151322203
0.323883484012264 -0.600186211757716
0.319916855888676 -0.601177349305764
0.317343568145614 -0.604799189613057
0.314279464313407 -0.607523183352601
0.311648690309744 -0.611122814030226
0.311232183896571 -0.619179721653553
0.308956767063281 -0.623667953390108
0.305762253101194 -0.626353290546542
0.304280730562288 -0.632627249656921
0.301023693571684 -0.635290276888023
0.298168890945139 -0.638842948206009
0.295282913349777 -0.642383842483346
0.294015256006967 -0.649556794464624
0.291859940700471 -0.654909745701129
0.288447031355776 -0.657512212891928
0.288184930376559 -0.667441717233691
0.283906390412456 -0.668186472089169
0.282328816753112 -0.675362450267105
0.279916641513487 -0.680692789592934
0.277451953902248 -0.686017793702047
0.274934735093162 -0.691337031728558
0.271636720915996 -0.694787371682881
0.270818745744648 -0.704756842430987
0.267774280247062 -0.70912688204451
0.262601203928638 -0.707859878574305
0.260875528333328 -0.715952483560751
0.257043196610971 -0.718399467619523
0.256173831440261 -0.729317467283773
0.25290467248574 -0.733631533288258
0.249273555082208 -0.736984867372918
0.248760831761868 -0.749812008826975
0.244085493595403 -0.75029545634789
0.240932077032374 -0.755513556633411
0.238024446387999 -0.761674709388258
0.233882362201101 -0.764002644400681
0.232305602785353 -0.774929097991896
0.226385921103699 -0.771469646017282
0.225206192141724 -0.784307446745869
0.222532692618136 -0.792343486573924
0.218184533887751 -0.79458889318451
0.215631984269457 -0.803571308198604
0.210446740743649 -0.802877431063033
0.206268559802244 -0.806025608301069
0.199638064615539 -0.799450213056799
0.19474753404141 -0.799626411510269
0.188244889909357 -0.79296208069681
0.182051744852174 -0.787223705306363
0.177908546890117 -0.790220569805322
0.172880782728661 -0.789288435847837
0.16703679688096 -0.784412333207318
0.160242522544933 -0.774598821305866
0.155536971822897 -0.774537442862618
0.151984618109355 -0.780336898946957
0.14466077216955 -0.766468043035918
0.141278124246954 -0.773198869379193
0.136081849528951 -0.770068652932179
0.131599942509555 -0.770847232032056
0.125000440819581 -0.758772620614971
0.120584432004681 -0.759486928628866
0.115409047855206 -0.755232912202027
0.110432568294037 -0.751933938494588
0.105637943176153 -0.74959297286028
0.102078374654215 -0.756140863482429
0.0963978786881164 -0.746804157048172
0.090707259381272 -0.736434785364963
0.086072359149952 -0.733970400622778
0.0830188977123667 -0.745391080321346
0.0779470815146781 -0.738900028747695
0.0732509836147219 -0.735360655324634
0.0688787097073882 -0.734778690048266
0.0647783032371427 -0.73715925784712
0.0606525254265833 -0.739516917426084
0.0552104754341648 -0.724900547249299
0.0518343813268671 -0.737179894538953
0.046644497255271 -0.723497954990754
0.0424350122105765 -0.723757051598593
0.038065922532442 -0.720995829073757
0.0339649637425948 -0.723202863128987
0.0293874972729523 -0.714395811160754
0.0252665412101299 -0.715554052392464
0.0208088853267779 -0.70569326926892
0.0164904769467639 -0.696804896775323
0.0125616827085148 -0.703887920146049
0.00855103626038546 -0.710948577450489
0.0043965678295173 -0.707986348873564
0.0002748893501239 -0.699999946025602
-0.00380254415556753 -0.700989686556047
-0.007756585965783 -0.6899564010676
-0.0119064984867636 -0.697898441962572
-0.0156915882420555 -0.685820511546893
-0.0197669110782855 -0.688716392447881
-0.023703935814641 -0.686590943303868
-0.0274556370868141 -0.680446315290308
-0.0319669711733971 -0.69226231498905
-0.0356817923663264 -0.686072743733146
-0.0392102005643925 -0.677866919219178
-0.0434705576416582 -0.682617250454692
-0.04764878207204 -0.685345601552276
-0.0505073378167736 -0.670099252966799
-0.0545664691445139 -0.671787541150549
-0.057866143648702 -0.664485146123845
-0.0623784211659501 -0.671107243719544
-0.0660846165583375 -0.668742718430891
-0.0701819298365887 -0.670336107280827
-0.074300010301591 -0.671904389380798
-0.0776288649855449 -0.666494380562249
-0.0806543769889531 -0.659083356998585
-0.0865228301120828 -0.674472979347131
-0.089114804669478 -0.66404710042942
-0.0917272247173574 -0.654604549514935
-0.0958226631079842 -0.656038883935163
-0.0997876006665281 -0.6564590122416
-0.102512415045469 -0.64895316068384
-0.107256384182513 -0.654266817171781
-0.111730585867658 -0.657575300769174
-0.112955245675917 -0.642141037836933
-0.116688764974479 -0.641473095405202
-0.121526479774226 -0.646680226011036
-0.124334235940106 -0.641053818156627
-0.127080677406931 -0.635416793474799
-0.131985719935834 -0.640543339465035
-0.133842059571033 -0.630960619286009
-0.138149769569114 -0.63310239390481
-0.141611409544408 -0.631312290935988
-0.147526914476669 -0.640222468759879
-0.150788266041265 -0.637407168789518
-0.152134926557997 -0.626801375334478
-0.158435238281224 -0.636580140493538
-0.160652691575398 -0.629833877057737
-0.164061020770621 -0.627921158636737
-0.167452541791064 -0.625990132707946
-0.167658801857532 -0.612466755146511
-0.173915134518539 -0.621110719586612
-0.1783509848875 -0.62297265284253
-0.17916368412794 -0.612327015809121
-0.185013843680383 -0.618939316610773
-0.186567401530177 -0.611157593985608
-0.190416966511416 -0.611016676421021
-0.193665044922549 -0.6089456875413
-0.198129937140304 -0.610662368259892
-0.198851624886455 -0.600955099221245
-0.20522103649132 -0.608315975609246
-0.210707222024756 -0.612785824400834
-0.214929645702572 -0.613437239983168
-0.213452285363886 -0.598049430961132
-0.215902761921547 -0.593978111881783
-0.22317224509385 -0.603028315271987
-0.22350361079836 -0.593297679044925
-0.226593163438024 -0.591053752448243
-0.228937399536337 -0.586930717456106
-0.233454207798905 -0.588377542791179
-0.235376110578868 -0.583300168497116
-0.24370000776695 -0.593948066933792
-0.242916295248275 -0.582368159760519
-0.248641903818588 -0.586469269156934
-0.253236321582912 -0.587768122163116
-0.255448119606976 -0.583536852468857
-0.256400281109544 -0.576558666439892
-0.259338222915186 -0.574146049481483
-0.262673728430699 -0.572627725832687
-0.270644795666128 -0.581061437869387
-0.270172938288234 -0.571341039499791
-0.270462760403804 -0.563449106161998
-0.277677648243855 -0.56995712441004
-0.280102076879511 -0.566539342435973
-0.285186608189485 -0.568475679787075
-0.284859902402213 -0.559677439248181
-0.290404685903038 -0.562453658896053
-0.292743776886498 -0.558983077645673
-0.296928675183477 -0.559036995067218
-0.297330386194439 -0.552017790877672
-0.301015850103397 -0.551156473232901
-0.305670182164888 -0.552020597202029
-0.307897191311472 -0.548489124397656
-0.311577192021271 -0.547557899597969
-0.315756375457184 -0.547468639611569
