Nombre d'objet : 4
Nombre de balles : 1

Coordonnées des points (données brutes) (x, y)  : 
-0.171261865154224 0.300641603148827
-0.167550436044186 0.298145688181807
-0.165813243064091 0.299115309579046
-0.161192010289008 0.294810338724727
-0.158050449197957 0.293102465885779
-0.156812251894004 0.294899843431514
-0.151843646551584 0.28960750508562
-0.150156387214847 0.290485902202817
-0.148464046658701 0.291354469417792
-0.143176059957831 0.285064231104065
-0.141958998047832 0.286788498502391
-0.139849903588252 0.286710663328654
-0.135147542150181 0.28121013824321
-0.133509414046558 0.281991553704973
-0.130598818356255 0.28004454760618
-0.126880694109494 0.276255840593992
-0.125683603156869 0.277900399239559
-0.124064888427685 0.278626817552485
-0.120434729904366 0.27476440059233
-0.118834346558086 0.275460338484713
-0.11644840896898 0.27430597523312
-0.114850759799175 0.274978731856761
-0.11324922413529 0.275642183333311
-0.111643856172517 0.276296307211896
-0.108557734259412 0.273223751406174
-0.107694177416725 0.275713554528128
-0.104654860047255 0.27260110100381
-0.0988316843163062 0.261977667321476
-0.0966110056225914 0.260672809461577
-0.0930406313925497 0.255592333433684
-0.0885229363267849 0.247654375580332
-0.0857563732384467 0.244390761791415
-0.0804259319172861 0.233539438800465
-0.0806665643501377 0.238740246703284
-0.0805347675058349 0.243002368759609
-0.0822104418628014 0.252977159539597
-0.0810409691314971 0.25440393338592
-0.0810495740779719 0.259643922597428
-0.0792453967630942 0.259154716514787
-0.0771628129858716 0.257695363350037
-0.0762250010662447 0.260059126377928
-0.0738838504898421 0.257614395243734
-0.0713036604283835 0.254188489136534
-0.0703527697161105 0.256527752481621
-0.0680827101930019 0.254034927859883
-0.0660973063053664 0.252491873332934
-0.064379790379531 0.251903240532328
-0.0621874190771962 0.249362637354751
-0.0602631350780431 0.247776824078778
-0.0588207605901829 0.24812319142634
-0.0576014011093597 0.249435519904922
-0.0552720880447816 0.245863775866169
-0.0540545809620568 0.247158051208162
-0.0521999749603173 0.245512041688676
-0.0513777351202747 0.248749529313948
-0.0487504072623782 0.243161258821697
-0.0477168114925603 0.245403964721403
-0.0462884525632907 0.24567738837609
-0.0448585272552076 0.245942498426957
-0.0423848339413404 0.240290503041142
-0.0409863109993482 0.240532996303344
-0.0399108797979897 0.242740852914688
-0.0381851516169039 0.240993556337081
-0.0366318615648269 0.240223035361506
-0.0349438380738595 0.23845319914119
-0.0342523141502979 0.243603733500432
-0.031900335792996 0.236861496609926
-0.0305219372895233 0.237043057995999
-0.029142505938477 0.237216597959809
-0.0274136103218348 0.234402418863634
-0.0258288332968228 0.232570142904297
-0.0245800971261278 0.233710972838825
-0.0230225312533585 0.231859791802477
-0.0214873410404843 0.229998465592729
-0.0203234925805081 0.232111946373576
-0.0189729187986211 0.23222624389216
-0.0173948141027512 0.229341275051681
-0.0161302351406866 0.230436141944588
-0.0144693620825984 0.225536333128218
-0.0133317909603895 0.228611599333429
-0.0120016975187446 0.228685284302835
-0.0105314005924717 0.225754489659809
-0.00909561227020691 0.222814429149977
-0.00790423700995834 0.225861734336054
-0.00656107145965106 0.224904318191762
-0.00529934868267132 0.226938134529081
-0.00394406756474883 0.224965429190897
-0.00255335482070839 0.217985046228313
-0.00131473843690364 0.22299612432247
-1.75143790257223E-05 0.222999999312212
0.00128544888261329 0.223996311624031
0.00255378048172924 0.220985244315658
0.00380449722847325 0.218966951389561
0.00507819636845511 0.21894111519229
0.00635172366473178 0.218907870133732
0.00759021850567515 0.217867823652407
0.00885745980170612 0.21781998394514
0.010356612406083 0.222759378207675
0.0113387480295644 0.21670355971493
0.012599153203899 0.21663393394975
0.013859132028992 0.216556977397181
0.0148399572250465 0.212482412612335
0.0163021671031832 0.215383934748486
0.0174735395647931 0.214288766422969
0.0188068625341649 0.215179696815524
0.0196868272407917 0.211083937885362
0.0210130538216785 0.211960967088488
0.021932387122324 0.208851551095788
0.0229264897295137 0.206732619749962
0.0241286963927519 0.206595755063812
0.0255736450771359 0.20843701369351
0.0267857216656738 0.208284721270786
0.0274636177081108 0.204161087630289
0.0292071146097983 0.207958997055117
0.0298369899975421 0.203827755783864
0.0310221817085646 0.203650740833518
0.032831689151635 0.207417646759986
0.0340377131258872 0.207223150456603
0.0349069416110775 0.205050007138163
0.0360991575587092 0.204843478840678
0.0367523131985995 0.201678624238049
0.0375548871957134 0.199495940930429
0.0383333234032774 0.197310811454567
0.0398733017295016 0.199045521952111
0.0412326253716 0.199789565806038
0.0423941335160644 0.199546329065263
0.0435542070635859 0.199296339773369
0.0447128067578374 0.199039606389875
0.0454201885551865 0.196827351939743
0.0472559446149217 0.199479010671678
0.0479431975269468 0.197257318776496
0.0483643957343744 0.194064126579976
0.0492450150872012 0.192810602636529
0.0503657899912431 0.192520874708583
0.0512261426491806 0.191258679043033
0.0523378562613307 0.190957452857877
0.0529079220303649 0.188724009565367
0.0545559326626015 0.19033562517646
0.0548188534174381 0.187136028893416
0.0564799244170601 0.188730013876551
0.0593304488382306 0.194136286769512
0.0583739798089093 0.187105527660914
0.0624951585386619 0.196291505570739
0.0596200967475993 0.183560464326627
0.06068688666951 0.183210539506771
0.0630314493595059 0.186644143737863
0.0644415823235621 0.187219877330468
0.0648676630904592 0.184954551945019
0.0645967090687678 0.180807259747735
0.0659893125210991 0.181368163228811
0.066001118805485 0.17816804516081
0.0709174888572447 0.188073681769094
0.0720103416910049 0.187657961966831
0.0712823309204871 0.182578282658541
0.0697595239503005 0.175654800157091
0.0737761392340966 0.182663847763347
0.0744575882322785 0.181306556844016
0.0751257555057968 0.179947550301979
0.0726556693121828 0.17122252689643
0.0760262885653871 0.176306560986744
0.0798597404566555 0.182272932313593
0.0772590585469929 0.17358294234294
0.0795033120622102 0.175864218564035
0.0834455910384073 0.181760373393793
0.0794314160540661 0.170395569612727
0.0804212886113858 0.169930622131752
0.0840065814454428 0.174868219736607
0.082392836068954 0.168983491988166
0.0860353307717042 0.173879043760321
0.0861479806838005 0.171588243840024
0.087598556091837 0.1719752684854
0.0867612626096836 0.167909151955376
0.086343903676635 0.164744439353442
0.0891782220601747 0.167771406116138
0.092525103093143 0.171651115049111
0.0940016581004987 0.171987465457099
0.0925770611528549 0.167064322188493
0.0935473329244604 0.166522960887441
0.0940195991043469 0.165106980422567
0.0964781202184807 0.167155533318848
0.100983271061037 0.172633655368277
0.098416295307218 0.166021784167026
0.0968057818237585 0.161160294754914
0.102420758376749 0.168282465674626
0.099199048206859 0.160874326214139
0.0996033945135471 0.159446429252519
0.0994597730532332 0.15717427761628
0.100372396502308 0.156593045887688
0.10345972282602 0.159361493946195
0.101088633478492 0.153743579317808
0.10696948689735 0.160644106250176
0.108461246385711 0.160848245350884
0.107703412909377 0.157737043359106
0.108050483813656 0.156285293446424
0.111251638778321 0.158931031800394
0.111596064065238 0.157465292954185
0.112510175050961 0.156813457681419
0.112245136998186 0.154538115752258
0.112549841586798 0.153076886428966
0.121797027985239 0.163650493350808
0.116729939422345 0.154951996574602
0.118235680144394 0.155065547239845
0.118524766703936 0.153583461602405
0.11818508463245 0.151315186846597
0.124024279214925 0.1569011732436
0.126184247333011 0.15773882123625
0.122066051055233 0.150784213960816
0.124842271396458 0.152392280882508
0.119344584449909 0.143964822656365
0.127249443611267 0.151695679241774
0.124247008038367 0.146378553734876
0.119884061263 0.139584425546295
0.127253473746973 0.146432760744748
0.126782490975256 0.144188071566649
0.130277840873787 0.146436621708042
0.138486675663061 0.15385200896899
0.136685992601441 0.150086439849037
0.132813418793852 0.144140888675937
0.130922116637592 0.140440020560853
0.131050732584917 0.138948571381489
0.137379597763109 0.14397168512748
0.136825684914607 0.141731196098984
0.139744001447929 0.143079048289123
0.139168209747735 0.140841078509114
0.142813131478774 0.142858004596265
0.138664057386507 0.137103169872587
0.138744085175654 0.135595275835005
0.145284351359767 0.14034406738431
0.142482001171572 0.136043667041668
0.146180032138296 0.137957958103354
0.143323859969175 0.133694693849593
0.145569556558677 0.134214396408546
0.149304360773376 0.136059574650421
0.15083634968377 0.135857997976106
0.153117937401903 0.136308096772667
0.146400550722647 0.128809466841943
0.153938795025402 0.133861299060361
0.152439662771669 0.131008202850279
0.157010102664745 0.133356018466383
0.159315073708506 0.133726240092412
0.158550954027803 0.131520321535775
0.155446516011838 0.127425981101898
0.157739222901767 0.127778470637062
0.162383305309362 0.129983314916979
0.159215135156909 0.125934668526848
0.164672461156845 0.128701128730665
0.168584250066408 0.130185831139747
0.164568603661795 0.125563428946517
0.164497707887335 0.124002032643876
0.167622325081627 0.124834915525382
0.170762117387321 0.125635581207709
0.177152477045251 0.128755581924559
0.169775252333638 0.121890785931709
0.177007041945724 0.125528909425777
0.167905644387167 0.117612476306428
0.175165976650321 0.121185315216569
0.177519308394626 0.121292601369967
0.176564004044808 0.119139214684607
0.171428816221633 0.114228547083685
0.182950474034361 0.120374931155131
0.185324764730002 0.120398220824767
0.185180275017777 0.118778220833369
0.175729832900399 0.111279044877271
0.183157808999845 0.114495489004486
0.180416659485985 0.111327575110204
0.188747777095732 0.114957716754553
0.189413309763762 0.113857797643979
0.190932489034048 0.113264224851729
0.180369008510293 0.10558418806343
0.196566963396715 0.113536024683774
0.192011121934335 0.109419966429888
0.191772691413459 0.107811107164513
0.192396600003636 0.106693712593765
0.198278016112956 0.108451963220176
0.194504977488602 0.104922894223131
0.195994898585978 0.104259290848693
0.209881727958897 0.110084786728175
0.202524180920065 0.104728010306016
0.203129972762021 0.103548124877761
0.209983725150272 0.105507512396109
0.209697780896006 0.103840457853819
0.204906024533493 0.0999876047811896
0.20278046094788 0.0974940237028155
0.204247919125989 0.0967408266075046
0.215681938761783 0.100624556108131
0.211720283840287 0.09728063224809
0.22048235456205 0.0997573622685279
0.21466466105341 0.0956247002339078
0.215217292164944 0.0943743458424442
0.216680779322996 0.0935170565831665
0.222743686585696 0.0946004761415785
0.218676788579108 0.0913753913082073
0.223829203255954 0.092002650884662
0.225287719258569 0.0910738357118685
0.219308776241648 0.0871760326201581
0.223537811809368 0.0873547176257781
0.226842712376708 0.0871285477990886
0.232959188469885 0.0879261992096363
0.231591491957687 0.0858742152966331
0.231147492687886 0.0841833512287527
0.236341282551571 0.0845209924331141
0.236828954970656 0.0831447297638708
0.235417707928059 0.0811141343657148
0.244411562509501 0.0826255899323208
0.247735608268754 0.0821466274153151
0.237748348526936 0.077302799255361
0.242957887985919 0.0774368430749974
0.243404238897119 0.0760222104842664
0.245754842170909 0.0751901426355313
0.24044049481639 0.0720372712729297
0.250451313989422 0.0734516121060104
0.250874355428979 0.07199345656443
0.248400529155869 0.0697221422152539
0.25844539530958 0.0709223352920301
0.258853588309639 0.0694177197783394
0.255383573742645 0.0668971618414032
0.259643682352992 0.0664014925598728
0.260995801274288 0.0651321097247156
0.260398631827895 0.0633762774400669
0.276330829276059 0.0655535871757248
0.269887233841195 0.0623689106009398
0.271221092136536 0.0610173678575579
0.269617698856674 0.0590109859537342
0.284627956892899 0.0605634060714375
0.28007896209814 0.0578945160617901
0.275508714005421 0.0552806341052554
0.283678315105989 0.0552051948518193
0.279081249926672 0.0526275207412101
0.28430137908077 0.0519011161033371
0.288537564708153 0.0509418663997358
0.288829019179601 0.0492625382999081
0.29207087763077 0.0480687262156156
0.291357904918202 0.0462122412535441
0.301507283436025 0.0460256236788664
0.292865233781381 0.0429645765972054
0.296080921528871 0.0416783865644374
0.299291455246931 0.0403562240078824
0.300512941385634 0.0387423806671043
0.307680859310204 0.0378482339632148
0.312861883912611 0.0366393448993253
0.318039087660099 0.0353714393307922
0.317244969133666 0.0334160075320132
0.319424169078893 0.0317679116131117
0.328564410759447 0.0307478126424835
0.328737716154852 0.0288359840701215
0.32790323086995 0.0268415943089898
0.332042320741227 0.0252368230326309
0.339166345566668 0.0237947480539584
0.343290777793248 0.0220780860154774
0.336425337534485 0.0196721189709708
0.342525785663513 0.0180301457451936
0.352613937654731 0.0165048772072262
0.35270398285196 0.0144533899264015
0.358778388910749 0.0126122024487273
0.354847404916805 0.0104076521756411
0.35990056278175 0.00846078656980346
0.362943221770943 0.0064201067380579
0.358974709370545 0.00426122427624235
0.362993350511852 0.00219715365403987
0.368999989757201 8.694357588363E-05
0.374994158669239 -0.00209307523752447
0.373975703092133 -0.00426303844045752
0.38494294668684 -0.00662780476873679
0.400893634607963 -0.00923546050919445
0.397834375951933 -0.0114808236175109
0.396761459878991 -0.0137602309098254
0.405667326923278 -0.0164322812452229
0.406563802353585 -0.018838116036238
0.414436476143075 -0.0216196031904009
0.422290276852471 -0.0244933067564013
0.4201447136918 -0.0268219976294776
0.434945291530696 -0.030308305384468
0.435758784104537 -0.0329132507621951
0.442536882703743 -0.0360153779218495
0.446304752104085 -0.0389367210909136
0.45204486116548 -0.0420885197397325
0.465724300994659 -0.0460963714736484
0.466442819152748 -0.0489090631768511
0.468138263971142 -0.0518417380696773
0.47279510719948 -0.0551433278668657
0.49728073875529 -0.0609332984745833
0.490966754596558 -0.0630606523984867
0.500502556013063 -0.0672472410169397
0.506044717008697 -0.0709911571083874
0.516507445181957 -0.0755252214270659
0.529900037101192 -0.0806346741802519
0.527446552107842 -0.0834034451899266
0.543728097556571 -0.0892230683596544
0.545171561255943 -0.092719840367407
0.566289708580038 -0.0997043928637833
0.5696354369916 -0.103713397993648
0.579832926948246 -0.109058593547827
0.584097085028771 -0.113382517439384
0.578524885912456 -0.115797048235175
0.578820881013681 -0.119362421651648
0.569312930242944 -0.12085854317421
0.579346985414347 -0.126515099854952
0.566892600601114 -0.127254781378561
0.573938173929281 -0.132347922185135
0.561481320866558 -0.132919999691339
0.569444337360866 -0.138308158283031
0.562807991617144 -0.140168343686714
0.564889897899548 -0.144181840919854
0.554366799507789 -0.14493602589933
0.564140234282792 -0.15100263594837
0.554572026439955 -0.151904139147956
0.554641914104823 -0.155397384527984
0.545076551118604 -0.156142734126976
0.556635332081148 -0.162963514563568
0.5489714730189 -0.16419294080885
0.54322513822842 -0.165923021900863
0.541296081142312 -0.168782559940226
0.540305089144628 -0.171928504455821
0.538344674483591 -0.174759867976479
0.548710882973834 -0.181660031118777
0.54385492554857 -0.183569659684162
0.543723477532552 -0.187055553191847
0.534132868894722 -0.187238025962392
0.537743426461749 -0.192023455070408
0.53191837325182 -0.193439510434496
0.533597450075277 -0.197572167253289
0.52401740656445 -0.197498753458012
0.529395406281008 -0.203050495711206
0.532863168763241 -0.20794432758697
0.52049112826782 -0.20661312977275
0.523916854542252 -0.211509171258726
0.520827423279082 -0.213793814598251
0.518652071949199 -0.216434812964095
0.521066713067631 -0.221010136719778
0.517935596667178 -0.223245868282068
0.512964149075277 -0.224650354469956
0.508907670244448 -0.226411093293523
0.512138383766403 -0.231426610123245
0.517145547055554 -0.237321476399866
0.516662688318364 -0.240748139140558
0.513445571629936 -0.242894308236336
0.511122481145999 -0.245444106197639
0.501595793265965 -0.244470162142311
0.509128720698656 -0.251817286459349
0.505867729062473 -0.253877609672804
0.501708921316314 -0.255454806710738
0.494883531848013 -0.255615511864277
0.495159796268765 -0.259418149247648
0.493642344104812 -0.26229417856046
0.495629533922856 -0.267058729689581
0.496700314591496 -0.271375749625329
0.493363760331622 -0.273291419534976
0.495253335211362 -0.278115324931983
0.48841274624061 -0.278023361086268
0.48678717893472 -0.280859827004107
0.489461376877827 -0.286210692576049
0.480045495613269 -0.284464975245478
0.480954547497939 -0.288797027756611
0.486100893309224 -0.295748071040158
0.481818449792343 -0.2969966017309
0.477538016334271 -0.298205370433749
0.470724589362621 -0.29777065162536
0.473194362651495 -0.303201410212495
0.469744927902064 -0.304860136308905
0.469634861354181 -0.308686081644183
0.466998802200661 -0.3108586796973
0.466011791729761 -0.314128970279435
0.465828445633624 -0.317962040562331
0.463970931175754 -0.320666454472406
0.462097716166315 -0.323360017184988
0.462656783483325 -0.327776906899897
0.457491842054339 -0.328131398152825
0.461239658660768 -0.334899951147352
0.45847793062222 -0.336985143785845
0.454905276147528 -0.338452640310489
0.456124014170755 -0.343499466807093
0.455708715216781 -0.347359420306217
0.454472126313081 -0.350615296877457
0.450060265289702 -0.351406826352823
0.448008464303728 -0.354018948521425
0.447503469663633 -0.357868194506036
0.443859451108486 -0.359207165381863
0.442536043711898 -0.362416680101538
0.438110427263177 -0.36307059027588
0.440588423020188 -0.369468322729545
0.436144246047351 -0.370084039969015
0.43701888574478 -0.37522059312142
0.433318955029274 -0.376444794375401
0.434126120712147 -0.381599936209929
0.429657261431818 -0.382125159730304
0.426683761019331 -0.383949173826951
0.427400843157058 -0.389117616240432
0.42954317102798 -0.395662310845027
0.422113317620253 -0.393381935385476
0.422728162798871 -0.398574836607495
0.423296777836484 -0.403788110118723
0.42022116313275 -0.405549225193883
0.422863447495134 -0.412877106137565
0.419031666907832 -0.413924464278742
0.415202058685627 -0.414941261461447
0.414187667917283 -0.418771507800187
0.412443660509725 -0.421888879807632
0.409287605760807 -0.423561867701268
0.405435376787715 -0.424489287555061
0.405705088156477 -0.429749207612935
0.405245000218751 -0.434295394631009
0.404067714222285 -0.438115603834396
0.401512293489897 -0.440458713361971
0.400282021634294 -0.44427278012091
0.395695743152085 -0.444353326589685
0.399050291926483 -0.453403644133336
0.395093420544271 -0.454208310186667
0.365064686488023 -0.424650179182114
0.297840353197804 -0.350558303292059
0.24563933987303 -0.292549679040572
0.238186256987594 -0.28704756919758
0.240316917747824 -0.293067874466284
0.232941878184765 -0.287468400676934
0.234390902205326 -0.292721548512188
0.231443149298805 -0.292511655567177
0.232817242433869 -0.297792094632294
0.22741304964811 -0.294393112775667
0.221449692691783 -0.290146572626173
0.223370582044388 -0.296220497395355
0.222838488164293 -0.299118719228089
0.220501952273067 -0.299604554444298
0.215815116480352 -0.296838062752357
0.214084713526283 -0.298088469140236
0.212925668409015 -0.300144398136254
0.211749928942103 -0.302196902024184
0.211695644540198 -0.305890428229963
0.213298340263169 -0.312070213319018
0.209241495239511 -0.309990317058346
0.207434694878798 -0.311202261175172
0.206720451900299 -0.314074282242491
0.207614537386813 -0.31946393202623
0.201972422609684 -0.314774745659774
0.202278425946933 -0.31932340721662
0.229578720804323 -0.367127513207401
0.307804553406956 -0.498650535848448
0.339238738355363 -0.556795364922394
0.341147319359966 -0.567329275195199
0.335799970761966 -0.565864276692091
0.334523864194309 -0.57125982204642
0.333696573860014 -0.577525407747649
0.330826625546263 -0.580325549868066
0.327935374912764 -0.583111815933124
0.32599310402283 -0.587632960383912
0.323049253214028 -0.59039662939236
0.321508971666133 -0.595786019589404
0.319916855888676 -0.601177349305764
0.316414304402874 -0.603028181737177
0.314738937214451 -0.608411375141128
0.312557287074495 -0.612904513196494
0.309435749934686 -0.615605812726259
0.308068960261375 -0.621875804098756
0.304446203231318 -0.623657365336156
0.302980385559885 -0.629923714401977
0.301023693571684 -0.635290276888023
0.299014760139309 -0.640655268626452
0.29778885037962 -0.64783547339551
0.293602892394054 -0.648645775117549
0.292266997800471 -0.655823148414799
0.291660925855561 -0.664838254261197
0.288581333306926 -0.668359793873627
0.283515334778279 -0.667266105047724
0.282328816753112 -0.675362450267105
0.279536319989691 -0.679767935259248
0.277451953902248 -0.686017793702047
0.273456591356102 -0.687620165966576
0.270908472334452 -0.692924670954508
0.26938394444269 -0.70102303134526
0.267067751803138 -0.707255834862334
0.263296836256926 -0.709735004080462
0.260875528333328 -0.715952483560751
0.258727621228343 -0.723107196765129
0.258162244103446 -0.734978404934099
0.252252856319539 -0.731740730367412
0.2505551671906 -0.740773992655041
0.247501283246618 -0.746015492326585
0.242229330146008 -0.744589787478324
0.240020606375253 -0.752655371677673
0.238322722636606 -0.762629188973957
0.23593139416031 -0.770696034276532
0.232592754333914 -0.775886983156287
0.228920091862322 -0.780105500263744
0.224378228200027 -0.781423963485774
0.22226230052504 -0.791380736286471
0.218184533887751 -0.79458889318451
0.217187022617555 -0.809366293594267
0.210193190453596 -0.801910108856933
0.205772721918104 -0.804088046742653
0.199638064615539 -0.799450213056799
0.19356437769851 -0.794768413870474
0.189861717184652 -0.799772797954329
0.182277056417585 -0.788197992070356
0.176590705802042 -0.78436708410306
0.171597014540081 -0.783427383106393
0.167245072188791 -0.785390403448225
0.161052851356791 -0.778515882349132
0.156324500794152 -0.778459151434075
0.151219915628302 -0.776410675556029
0.144475309641128 -0.765485391698692
0.141278124246954 -0.773198869379193
0.135907831818556 -0.769083910409247
0.129748792423103 -0.760004112399891
0.125488088833182 -0.761732721865744
0.119643591182798 -0.753561152852828
0.115257988892044 -0.754244387447836
0.111013792337689 -0.755891485539296
0.105498395034573 -0.748602757572485
0.101141875804176 -0.749203791340389
0.0963978786881164 -0.746804157048172
0.0910740003221666 -0.739412284497166
0.0868876588983277 -0.740922758950734
0.0813585197581194 -0.730483258714919
0.078051990103527 -0.739894510616803
0.0732509836147219 -0.735360655324634
0.0685987149524802 -0.731791784804167
0.0641655355038184 -0.73018612973235
0.0602438156865119 -0.734533649788442
0.0557420756102846 -0.731880332436019
0.0509926863662143 -0.725209449702055
0.046515822780084 -0.721502098563193
0.0422594190566017 -0.720762194833357
0.0381713683012299 -0.722993047436842
0.0338242249425564 -0.72020616618232
0.0293052944833776 -0.712397501199465
0.0253724066062617 -0.718552183896901
0.0208678340104231 -0.707692400343337
0.016892683701563 -0.713800138160087
0.0125616827085148 -0.703887920146049
0.00850292916468708 -0.706948866747532
0.0043530989385475 -0.700986483842329
0.000275282049195506 -0.700999945948495
-0.00379711969885488 -0.69998970126852
-0.00786900025514218 -0.699955769199015
-0.0119235565075183 -0.69889829646395
-0.0158288324540852 -0.691818941677041
-0.0198529789059123 -0.691715157581906
-0.0236349287234776 -0.684592134153056
-0.0278588035638598 -0.690438184824673
-0.0317363292457391 -0.687267637391727
-0.0355779152415336 -0.684075443169148
-0.0390947066010217 -0.675870256717796
-0.0434070041948136 -0.681619272018354
-0.0477181398334258 -0.686343193403153
-0.0508831364612436 -0.675085110503754
-0.0547283874505808 -0.673780975990759
-0.058473434511582 -0.67145875335453
-0.0619156732344519 -0.666128703335868
-0.0663796371679729 -0.671728176995314
-0.0697654198672321 -0.666357851451267
-0.0736405427545354 -0.665940740954342
-0.0783230128095587 -0.672454091863849
-0.0811402467298504 -0.663053738667251
-0.0844869988153279 -0.658603026891905
-0.0875187186156964 -0.652153719526207
-0.0918659951027089 -0.655594874098165
-0.0949554896861925 -0.650101880460636
-0.0988859054797824 -0.650527153697249
-0.102824477191726 -0.650928664978159
-0.10580041516646 -0.645385367164925
-0.109217904026556 -0.642787250526989
-0.11226226870858 -0.638201522267381
-0.11597288298077 -0.63753767764198
-0.119494882088031 -0.635869462354317
-0.123572617343229 -0.637126995380783
-0.128061238189392 -0.640319700831858
-0.130573028743861 -0.633687370999813
-0.135087101985647 -0.636830020395646
-0.13751018730259 -0.630171364303398
-0.142268031226994 -0.63423955039937
-0.146179636718891 -0.634375688223259
-0.149406999482108 -0.631568324495263
-0.152370794661188 -0.627773160412516
-0.156261584097487 -0.627846571492864
-0.159416901640203 -0.624989001080369
-0.162038696939858 -0.620180990271415
-0.166935712958376 -0.624058064397119
-0.168978949903655 -0.617289328021681
-0.171488411711304 -0.612444058383077
-0.177800518884761 -0.621049897741164
-0.180567788235526 -0.617125816873456
-0.18272265056979 -0.611274433432931
-0.188319208117315 -0.61689616294322
-0.191904599062287 -0.61579024420556
-0.193058894547205 -0.607039754246961
-0.196895482703293 -0.606857618301886
-0.200736474411445 -0.606651356085901
-0.204262059685286 -0.60547337759238
-0.210056891092581 -0.610894510127992
-0.212284357755464 -0.605887243183375
-0.213452285363886 -0.598049430961132
-0.216585998509906 -0.595857789451029
-0.21900728873129 -0.591774287615278
-0.223151081443789 -0.592361878289334
-0.226951130520864 -0.591987486654323
-0.231117755722397 -0.592520533812831
-0.235667043891786 -0.593954581111474
-0.238369765403401 -0.590718930576571
-0.240663247545555 -0.586546844915926
-0.243686235962215 -0.584214017636146
-0.245909575205197 -0.580024551913451
-0.254819048592805 -0.591441672926636
-0.252640997413493 -0.577124359584584
-0.256400281109544 -0.576558666439892
-0.258926574942305 -0.573234706545798
-0.260172073874216 -0.567174128443805
-0.267267013504928 -0.573809501047305
-0.268890471809018 -0.568628977603432
-0.274357424153619 -0.571562773290731
-0.277239670880694 -0.569058138409393
-0.279658877390777 -0.565642919425789
-0.280702542022984 -0.559537382935077
-0.284406303831509 -0.558786233134729
-0.287652034851824 -0.557122344593721
-0.293207713141469 -0.559868946231482
-0.295521430277394 -0.55638753063562
-0.299701441905719 -0.556419846626298
-0.306767745328303 -0.56168812558767
-0.303248072955974 -0.54764642448252
-0.307407688622582 -0.54761712261006
-0.309104357163959 -0.543212201982113
-0.315756375457184 -0.547468639611569

Coordonnées des points (filtrage des pics) (x, y)  : 
-0.171261865154224 0.300641603148827
-0.167550436044186 0.298145688181807
-0.165813243064091 0.299115309579046
-0.161192010289008 0.294810338724727
-0.158050449197957 0.293102465885779
-0.156812251894004 0.294899843431514
-0.151843646551584 0.28960750508562
-0.150156387214847 0.290485902202817
-0.148464046658701 0.291354469417792
-0.143176059957831 0.285064231104065
-0.141958998047832 0.286788498502391
-0.139849903588252 0.286710663328654
-0.135147542150181 0.28121013824321
-0.133509414046558 0.281991553704973
-0.130598818356255 0.28004454760618
-0.126880694109494 0.276255840593992
-0.125683603156869 0.277900399239559
-0.124064888427685 0.278626817552485
-0.120434729904366 0.27476440059233
-0.118834346558086 0.275460338484713
-0.11644840896898 0.27430597523312
-0.114850759799175 0.274978731856761
-0.11324922413529 0.275642183333311
-0.111643856172517 0.276296307211896
-0.108557734259412 0.273223751406174
-0.107694177416725 0.275713554528128
-0.104654860047255 0.27260110100381
-0.0988316843163062 0.261977667321476
-0.0966110056225914 0.260672809461577
-0.0930406313925497 0.255592333433684
-0.0885229363267849 0.247654375580332
-0.0857563732384467 0.244390761791415
-0.0804259319172861 0.233539438800465
-0.0806665643501377 0.238740246703284
-0.0805347675058349 0.243002368759609
-0.0822104418628014 0.252977159539597
-0.0810409691314971 0.25440393338592
-0.0810495740779719 0.259643922597428
-0.0792453967630942 0.259154716514787
-0.0771628129858716 0.257695363350037
-0.0762250010662447 0.260059126377928
-0.0738838504898421 0.257614395243734
-0.0713036604283835 0.254188489136534
-0.0703527697161105 0.256527752481621
-0.0680827101930019 0.254034927859883
-0.0660973063053664 0.252491873332934
-0.064379790379531 0.251903240532328
-0.0621874190771962 0.249362637354751
-0.0602631350780431 0.247776824078778
-0.0588207605901829 0.24812319142634
-0.0576014011093597 0.249435519904922
-0.0552720880447816 0.245863775866169
-0.0540545809620568 0.247158051208162
-0.0521999749603173 0.245512041688676
-0.0513777351202747 0.248749529313948
-0.0487504072623782 0.243161258821697
-0.0477168114925603 0.245403964721403
-0.0462884525632907 0.24567738837609
-0.0448585272552076 0.245942498426957
-0.0423848339413404 0.240290503041142
-0.0409863109993482 0.240532996303344
-0.0399108797979897 0.242740852914688
-0.0381851516169039 0.240993556337081
-0.0366318615648269 0.240223035361506
-0.0349438380738595 0.23845319914119
-0.0342523141502979 0.243603733500432
-0.031900335792996 0.236861496609926
-0.0305219372895233 0.237043057995999
-0.029142505938477 0.237216597959809
-0.0274136103218348 0.234402418863634
-0.0258288332968228 0.232570142904297
-0.0245800971261278 0.233710972838825
-0.0230225312533585 0.231859791802477
-0.0214873410404843 0.229998465592729
-0.0203234925805081 0.232111946373576
-0.0189729187986211 0.23222624389216
-0.0173948141027512 0.229341275051681
-0.0161302351406866 0.230436141944588
-0.0144693620825984 0.225536333128218
-0.0133317909603895 0.228611599333429
-0.0120016975187446 0.228685284302835
-0.0105314005924717 0.225754489659809
-0.00909561227020691 0.222814429149977
-0.00790423700995834 0.225861734336054
-0.00656107145965106 0.224904318191762
-0.00529934868267132 0.226938134529081
-0.00394406756474883 0.224965429190897
-0.00255335482070839 0.217985046228313
-0.00131473843690364 0.22299612432247
-1.75143790257223E-05 0.222999999312212
0.00128544888261329 0.223996311624031
0.00255378048172924 0.220985244315658
0.00380449722847325 0.218966951389561
0.00507819636845511 0.21894111519229
0.00635172366473178 0.218907870133732
0.00759021850567515 0.217867823652407
0.00885745980170612 0.21781998394514
0.010356612406083 0.222759378207675
0.0113387480295644 0.21670355971493
0.012599153203899 0.21663393394975
0.013859132028992 0.216556977397181
0.0148399572250465 0.212482412612335
0.0163021671031832 0.215383934748486
0.0174735395647931 0.214288766422969
0.0188068625341649 0.215179696815524
0.0196868272407917 0.211083937885362
0.0210130538216785 0.211960967088488
0.021932387122324 0.208851551095788
0.0229264897295137 0.206732619749962
0.0241286963927519 0.206595755063812
0.0255736450771359 0.20843701369351
0.0267857216656738 0.208284721270786
0.0274636177081108 0.204161087630289
0.0292071146097983 0.207958997055117
0.0298369899975421 0.203827755783864
0.0310221817085646 0.203650740833518
0.032831689151635 0.207417646759986
0.0340377131258872 0.207223150456603
0.0349069416110775 0.205050007138163
0.0360991575587092 0.204843478840678
0.0367523131985995 0.201678624238049
0.0375548871957134 0.199495940930429
0.0383333234032774 0.197310811454567
0.0398733017295016 0.199045521952111
0.0412326253716 0.199789565806038
0.0423941335160644 0.199546329065263
0.0435542070635859 0.199296339773369
0.0447128067578374 0.199039606389875
0.0454201885551865 0.196827351939743
0.0472559446149217 0.199479010671678
0.0479431975269468 0.197257318776496
0.0483643957343744 0.194064126579976
0.0492450150872012 0.192810602636529
0.0503657899912431 0.192520874708583
0.0512261426491806 0.191258679043033
0.0523378562613307 0.190957452857877
0.0529079220303649 0.188724009565367
0.0545559326626015 0.19033562517646
0.0548188534174381 0.187136028893416
0.0564799244170601 0.188730013876551
0.0593304488382306 0.194136286769512
0.0583739798089093 0.187105527660914
0.0624951585386619 0.196291505570739
0.0596200967475993 0.183560464326627
0.06068688666951 0.183210539506771
0.0630314493595059 0.186644143737863
0.0644415823235621 0.187219877330468
0.0648676630904592 0.184954551945019
0.0645967090687678 0.180807259747735
0.0659893125210991 0.181368163228811
0.066001118805485 0.17816804516081
0.0709174888572447 0.188073681769094
0.0720103416910049 0.187657961966831
0.0712823309204871 0.182578282658541
0.0697595239503005 0.175654800157091
0.0737761392340966 0.182663847763347
0.0744575882322785 0.181306556844016
0.0751257555057968 0.179947550301979
0.0726556693121828 0.17122252689643
0.0760262885653871 0.176306560986744
0.0798597404566555 0.182272932313593
0.0772590585469929 0.17358294234294
0.0795033120622102 0.175864218564035
0.0834455910384073 0.181760373393793
0.0794314160540661 0.170395569612727
0.0804212886113858 0.169930622131752
0.0840065814454428 0.174868219736607
0.082392836068954 0.168983491988166
0.0860353307717042 0.173879043760321
0.0861479806838005 0.171588243840024
0.087598556091837 0.1719752684854
0.0867612626096836 0.167909151955376
0.086343903676635 0.164744439353442
0.0891782220601747 0.167771406116138
0.092525103093143 0.171651115049111
0.0940016581004987 0.171987465457099
0.0925770611528549 0.167064322188493
0.0935473329244604 0.166522960887441
0.0940195991043469 0.165106980422567
0.0964781202184807 0.167155533318848
0.100983271061037 0.172633655368277
0.098416295307218 0.166021784167026
0.0968057818237585 0.161160294754914
0.102420758376749 0.168282465674626
0.099199048206859 0.160874326214139
0.0996033945135471 0.159446429252519
0.0994597730532332 0.15717427761628
0.100372396502308 0.156593045887688
0.10345972282602 0.159361493946195
0.101088633478492 0.153743579317808
0.10696948689735 0.160644106250176
0.108461246385711 0.160848245350884
0.107703412909377 0.157737043359106
0.108050483813656 0.156285293446424
0.111251638778321 0.158931031800394
0.111596064065238 0.157465292954185
0.112510175050961 0.156813457681419
0.112245136998186 0.154538115752258
0.112549841586798 0.153076886428966
0.121797027985239 0.163650493350808
0.116729939422345 0.154951996574602
0.118235680144394 0.155065547239845
0.118524766703936 0.153583461602405
0.11818508463245 0.151315186846597
0.124024279214925 0.1569011732436
0.126184247333011 0.15773882123625
0.122066051055233 0.150784213960816
0.124842271396458 0.152392280882508
0.119344584449909 0.143964822656365
0.127249443611267 0.151695679241774
0.124247008038367 0.146378553734876
0.119884061263 0.139584425546295
0.127253473746973 0.146432760744748
0.126782490975256 0.144188071566649
0.130277840873787 0.146436621708042
0.138486675663061 0.15385200896899
0.136685992601441 0.150086439849037
0.132813418793852 0.144140888675937
0.130922116637592 0.140440020560853
0.131050732584917 0.138948571381489
0.137379597763109 0.14397168512748
0.136825684914607 0.141731196098984
0.139744001447929 0.143079048289123
0.139168209747735 0.140841078509114
0.142813131478774 0.142858004596265
0.138664057386507 0.137103169872587
0.138744085175654 0.135595275835005
0.145284351359767 0.14034406738431
0.142482001171572 0.136043667041668
0.146180032138296 0.137957958103354
0.143323859969175 0.133694693849593
0.145569556558677 0.134214396408546
0.149304360773376 0.136059574650421
0.15083634968377 0.135857997976106
0.153117937401903 0.136308096772667
0.146400550722647 0.128809466841943
0.153938795025402 0.133861299060361
0.152439662771669 0.131008202850279
0.157010102664745 0.133356018466383
0.159315073708506 0.133726240092412
0.158550954027803 0.131520321535775
0.155446516011838 0.127425981101898
0.157739222901767 0.127778470637062
0.162383305309362 0.129983314916979
0.159215135156909 0.125934668526848
0.164672461156845 0.128701128730665
0.168584250066408 0.130185831139747
0.164568603661795 0.125563428946517
0.164497707887335 0.124002032643876
0.167622325081627 0.124834915525382
0.170762117387321 0.125635581207709
0.177152477045251 0.128755581924559
0.169775252333638 0.121890785931709
0.177007041945724 0.125528909425777
0.167905644387167 0.117612476306428
0.175165976650321 0.121185315216569
0.177519308394626 0.121292601369967
0.176564004044808 0.119139214684607
0.171428816221633 0.114228547083685
0.182950474034361 0.120374931155131
0.185324764730002 0.120398220824767
0.185180275017777 0.118778220833369
0.175729832900399 0.111279044877271
0.183157808999845 0.114495489004486
0.180416659485985 0.111327575110204
0.188747777095732 0.114957716754553
0.189413309763762 0.113857797643979
0.190932489034048 0.113264224851729
0.180369008510293 0.10558418806343
0.196566963396715 0.113536024683774
0.192011121934335 0.109419966429888
0.191772691413459 0.107811107164513
0.192396600003636 0.106693712593765
0.198278016112956 0.108451963220176
0.194504977488602 0.104922894223131
0.195994898585978 0.104259290848693
0.209881727958897 0.110084786728175
0.202524180920065 0.104728010306016
0.203129972762021 0.103548124877761
0.209983725150272 0.105507512396109
0.209697780896006 0.103840457853819
0.204906024533493 0.0999876047811896
0.20278046094788 0.0974940237028155
0.204247919125989 0.0967408266075046
0.215681938761783 0.100624556108131
0.211720283840287 0.09728063224809
0.22048235456205 0.0997573622685279
0.21466466105341 0.0956247002339078
0.215217292164944 0.0943743458424442
0.216680779322996 0.0935170565831665
0.222743686585696 0.0946004761415785
0.218676788579108 0.0913753913082073
0.223829203255954 0.092002650884662
0.225287719258569 0.0910738357118685
0.219308776241648 0.0871760326201581
0.223537811809368 0.0873547176257781
0.226842712376708 0.0871285477990886
0.232959188469885 0.0879261992096363
0.231591491957687 0.0858742152966331
0.231147492687886 0.0841833512287527
0.236341282551571 0.0845209924331141
0.236828954970656 0.0831447297638708
0.235417707928059 0.0811141343657148
0.244411562509501 0.0826255899323208
0.247735608268754 0.0821466274153151
0.237748348526936 0.077302799255361
0.242957887985919 0.0774368430749974
0.243404238897119 0.0760222104842664
0.245754842170909 0.0751901426355313
0.24044049481639 0.0720372712729297
0.250451313989422 0.0734516121060104
0.250874355428979 0.07199345656443
0.248400529155869 0.0697221422152539
0.25844539530958 0.0709223352920301
0.258853588309639 0.0694177197783394
0.255383573742645 0.0668971618414032
0.259643682352992 0.0664014925598728
0.260995801274288 0.0651321097247156
0.260398631827895 0.0633762774400669
0.276330829276059 0.0655535871757248
0.269887233841195 0.0623689106009398
0.271221092136536 0.0610173678575579
0.269617698856674 0.0590109859537342
0.284627956892899 0.0605634060714375
0.28007896209814 0.0578945160617901
0.275508714005421 0.0552806341052554
0.283678315105989 0.0552051948518193
0.279081249926672 0.0526275207412101
0.28430137908077 0.0519011161033371
0.288537564708153 0.0509418663997358
0.288829019179601 0.0492625382999081
0.29207087763077 0.0480687262156156
0.291357904918202 0.0462122412535441
0.301507283436025 0.0460256236788664
0.292865233781381 0.0429645765972054
0.296080921528871 0.0416783865644374
0.299291455246931 0.0403562240078824
0.300512941385634 0.0387423806671043
0.307680859310204 0.0378482339632148
0.312861883912611 0.0366393448993253
0.318039087660099 0.0353714393307922
0.317244969133666 0.0334160075320132
0.319424169078893 0.0317679116131117
0.328564410759447 0.0307478126424835
0.328737716154852 0.0288359840701215
0.32790323086995 0.0268415943089898
0.332042320741227 0.0252368230326309
0.339166345566668 0.0237947480539584
0.343290777793248 0.0220780860154774
0.336425337534485 0.0196721189709708
0.342525785663513 0.0180301457451936
0.352613937654731 0.0165048772072262
0.35270398285196 0.0144533899264015
0.358778388910749 0.0126122024487273
0.354847404916805 0.0104076521756411
0.35990056278175 0.00846078656980346
0.362943221770943 0.0064201067380579
0.358974709370545 0.00426122427624235
0.362993350511852 0.00219715365403987
0.368999989757201 8.694357588363E-05
0.374994158669239 -0.00209307523752447
0.373975703092133 -0.00426303844045752
0.38494294668684 -0.00662780476873679
0.400893634607963 -0.00923546050919445
0.397834375951933 -0.0114808236175109
0.396761459878991 -0.0137602309098254
0.405667326923278 -0.0164322812452229
0.406563802353585 -0.018838116036238
0.414436476143075 -0.0216196031904009
0.422290276852471 -0.0244933067564013
0.4201447136918 -0.0268219976294776
0.434945291530696 -0.030308305384468
0.435758784104537 -0.0329132507621951
0.442536882703743 -0.0360153779218495
0.446304752104085 -0.0389367210909136
0.45204486116548 -0.0420885197397325
0.465724300994659 -0.0460963714736484
0.466442819152748 -0.0489090631768511
0.468138263971142 -0.0518417380696773
0.47279510719948 -0.0551433278668657
0.49728073875529 -0.0609332984745833
0.490966754596558 -0.0630606523984867
0.500502556013063 -0.0672472410169397
0.506044717008697 -0.0709911571083874
0.516507445181957 -0.0755252214270659
0.529900037101192 -0.0806346741802519
0.527446552107842 -0.0834034451899266
0.543728097556571 -0.0892230683596544
0.545171561255943 -0.092719840367407
0.566289708580038 -0.0997043928637833
0.5696354369916 -0.103713397993648
0.579832926948246 -0.109058593547827
0.584097085028771 -0.113382517439384
0.578524885912456 -0.115797048235175
0.578820881013681 -0.119362421651648
0.569312930242944 -0.12085854317421
0.579346985414347 -0.126515099854952
0.566892600601114 -0.127254781378561
0.573938173929281 -0.132347922185135
0.561481320866558 -0.132919999691339
0.569444337360866 -0.138308158283031
0.562807991617144 -0.140168343686714
0.564889897899548 -0.144181840919854
0.554366799507789 -0.14493602589933
0.564140234282792 -0.15100263594837
0.554572026439955 -0.151904139147956
0.554641914104823 -0.155397384527984
0.545076551118604 -0.156142734126976
0.556635332081148 -0.162963514563568
0.5489714730189 -0.16419294080885
0.54322513822842 -0.165923021900863
0.541296081142312 -0.168782559940226
0.540305089144628 -0.171928504455821
0.538344674483591 -0.174759867976479
0.548710882973834 -0.181660031118777
0.54385492554857 -0.183569659684162
0.543723477532552 -0.187055553191847
0.534132868894722 -0.187238025962392
0.537743426461749 -0.192023455070408
0.53191837325182 -0.193439510434496
0.533597450075277 -0.197572167253289
0.52401740656445 -0.197498753458012
0.529395406281008 -0.203050495711206
0.532863168763241 -0.20794432758697
0.52049112826782 -0.20661312977275
0.523916854542252 -0.211509171258726
0.520827423279082 -0.213793814598251
0.518652071949199 -0.216434812964095
0.521066713067631 -0.221010136719778
0.517935596667178 -0.223245868282068
0.512964149075277 -0.224650354469956
0.508907670244448 -0.226411093293523
0.512138383766403 -0.231426610123245
0.517145547055554 -0.237321476399866
0.516662688318364 -0.240748139140558
0.513445571629936 -0.242894308236336
0.511122481145999 -0.245444106197639
0.501595793265965 -0.244470162142311
0.509128720698656 -0.251817286459349
0.505867729062473 -0.253877609672804
0.501708921316314 -0.255454806710738
0.494883531848013 -0.255615511864277
0.495159796268765 -0.259418149247648
0.493642344104812 -0.26229417856046
0.495629533922856 -0.267058729689581
0.496700314591496 -0.271375749625329
0.493363760331622 -0.273291419534976
0.495253335211362 -0.278115324931983
0.48841274624061 -0.278023361086268
0.48678717893472 -0.280859827004107
0.489461376877827 -0.286210692576049
0.480045495613269 -0.284464975245478
0.480954547497939 -0.288797027756611
0.486100893309224 -0.295748071040158
0.481818449792343 -0.2969966017309
0.477538016334271 -0.298205370433749
0.470724589362621 -0.29777065162536
0.473194362651495 -0.303201410212495
0.469744927902064 -0.304860136308905
0.469634861354181 -0.308686081644183
0.466998802200661 -0.3108586796973
0.466011791729761 -0.314128970279435
0.465828445633624 -0.317962040562331
0.463970931175754 -0.320666454472406
0.462097716166315 -0.323360017184988
0.462656783483325 -0.327776906899897
0.457491842054339 -0.328131398152825
0.461239658660768 -0.334899951147352
0.45847793062222 -0.336985143785845
0.454905276147528 -0.338452640310489
0.456124014170755 -0.343499466807093
0.455708715216781 -0.347359420306217
0.454472126313081 -0.350615296877457
0.450060265289702 -0.351406826352823
0.448008464303728 -0.354018948521425
0.447503469663633 -0.357868194506036
0.443859451108486 -0.359207165381863
0.442536043711898 -0.362416680101538
0.438110427263177 -0.36307059027588
0.440588423020188 -0.369468322729545
0.436144246047351 -0.370084039969015
0.43701888574478 -0.37522059312142
0.433318955029274 -0.376444794375401
0.434126120712147 -0.381599936209929
0.429657261431818 -0.382125159730304
0.426683761019331 -0.383949173826951
0.427400843157058 -0.389117616240432
0.42954317102798 -0.395662310845027
0.422113317620253 -0.393381935385476
0.422728162798871 -0.398574836607495
0.423296777836484 -0.403788110118723
0.42022116313275 -0.405549225193883
0.422863447495134 -0.412877106137565
0.419031666907832 -0.413924464278742
0.415202058685627 -0.414941261461447
0.414187667917283 -0.418771507800187
0.412443660509725 -0.421888879807632
0.409287605760807 -0.423561867701268
0.405435376787715 -0.424489287555061
0.405705088156477 -0.429749207612935
0.405245000218751 -0.434295394631009
0.404067714222285 -0.438115603834396
0.401512293489897 -0.440458713361971
0.400282021634294 -0.44427278012091
0.395695743152085 -0.444353326589685
0.399050291926483 -0.453403644133336
0.395093420544271 -0.454208310186667
0.365064686488023 -0.424650179182114
0.362588256066892 -0.426766630094681
0.24563933987303 -0.292549679040572
0.238186256987594 -0.28704756919758
0.240316917747824 -0.293067874466284
0.232941878184765 -0.287468400676934
0.234390902205326 -0.292721548512188
0.231443149298805 -0.292511655567177
0.232817242433869 -0.297792094632294
0.22741304964811 -0.294393112775667
0.221449692691783 -0.290146572626173
0.223370582044388 -0.296220497395355
0.222838488164293 -0.299118719228089
0.220501952273067 -0.299604554444298
0.215815116480352 -0.296838062752357
0.214084713526283 -0.298088469140236
0.212925668409015 -0.300144398136254
0.211749928942103 -0.302196902024184
0.211695644540198 -0.305890428229963
0.213298340263169 -0.312070213319018
0.209241495239511 -0.309990317058346
0.207434694878798 -0.311202261175172
0.206720451900299 -0.314074282242491
0.207614537386813 -0.31946393202623
0.201972422609684 -0.314774745659774
0.202278425946933 -0.31932340721662
0.229578720804323 -0.367127513207401
0.307804553406956 -0.498650535848448
0.339238738355363 -0.556795364922394
0.341147319359966 -0.567329275195199
0.335799970761966 -0.565864276692091
0.334523864194309 -0.57125982204642
0.333696573860014 -0.577525407747649
0.330826625546263 -0.580325549868066
0.327935374912764 -0.583111815933124
0.32599310402283 -0.587632960383912
0.323049253214028 -0.59039662939236
0.321508971666133 -0.595786019589404
0.319916855888676 -0.601177349305764
0.316414304402874 -0.603028181737177
0.314738937214451 -0.608411375141128
0.312557287074495 -0.612904513196494
0.309435749934686 -0.615605812726259
0.308068960261375 -0.621875804098756
0.304446203231318 -0.623657365336156
0.302980385559885 -0.629923714401977
0.301023693571684 -0.635290276888023
0.299014760139309 -0.640655268626452
0.29778885037962 -0.64783547339551
0.293602892394054 -0.648645775117549
0.292266997800471 -0.655823148414799
0.291660925855561 -0.664838254261197
0.288581333306926 -0.668359793873627
0.283515334778279 -0.667266105047724
0.282328816753112 -0.675362450267105
0.279536319989691 -0.679767935259248
0.277451953902248 -0.686017793702047
0.273456591356102 -0.687620165966576
0.270908472334452 -0.692924670954508
0.26938394444269 -0.70102303134526
0.267067751803138 -0.707255834862334
0.263296836256926 -0.709735004080462
0.260875528333328 -0.715952483560751
0.258727621228343 -0.723107196765129
0.258162244103446 -0.734978404934099
0.252252856319539 -0.731740730367412
0.2505551671906 -0.740773992655041
0.247501283246618 -0.746015492326585
0.242229330146008 -0.744589787478324
0.240020606375253 -0.752655371677673
0.238322722636606 -0.762629188973957
0.23593139416031 -0.770696034276532
0.232592754333914 -0.775886983156287
0.228920091862322 -0.780105500263744
0.224378228200027 -0.781423963485774
0.22226230052504 -0.791380736286471
0.218184533887751 -0.79458889318451
0.217187022617555 -0.809366293594267
0.210193190453596 -0.801910108856933
0.205772721918104 -0.804088046742653
0.199638064615539 -0.799450213056799
0.19356437769851 -0.794768413870474
0.189861717184652 -0.799772797954329
0.182277056417585 -0.788197992070356
0.176590705802042 -0.78436708410306
0.171597014540081 -0.783427383106393
0.167245072188791 -0.785390403448225
0.161052851356791 -0.778515882349132
0.156324500794152 -0.778459151434075
0.151219915628302 -0.776410675556029
0.144475309641128 -0.765485391698692
0.141278124246954 -0.773198869379193
0.135907831818556 -0.769083910409247
0.129748792423103 -0.760004112399891
0.125488088833182 -0.761732721865744
0.119643591182798 -0.753561152852828
0.115257988892044 -0.754244387447836
0.111013792337689 -0.755891485539296
0.105498395034573 -0.748602757572485
0.101141875804176 -0.749203791340389
0.0963978786881164 -0.746804157048172
0.0910740003221666 -0.739412284497166
0.0868876588983277 -0.740922758950734
0.0813585197581194 -0.730483258714919
0.078051990103527 -0.739894510616803
0.0732509836147219 -0.735360655324634
0.0685987149524802 -0.731791784804167
0.0641655355038184 -0.73018612973235
0.0602438156865119 -0.734533649788442
0.0557420756102846 -0.731880332436019
0.0509926863662143 -0.725209449702055
0.046515822780084 -0.721502098563193
0.0422594190566017 -0.720762194833357
0.0381713683012299 -0.722993047436842
0.0338242249425564 -0.72020616618232
0.0293052944833776 -0.712397501199465
0.0253724066062617 -0.718552183896901
0.0208678340104231 -0.707692400343337
0.016892683701563 -0.713800138160087
0.0125616827085148 -0.703887920146049
0.00850292916468708 -0.706948866747532
0.0043530989385475 -0.700986483842329
0.000275282049195506 -0.700999945948495
-0.00379711969885488 -0.69998970126852
-0.00786900025514218 -0.699955769199015
-0.0119235565075183 -0.69889829646395
-0.0158288324540852 -0.691818941677041
-0.0198529789059123 -0.691715157581906
-0.0236349287234776 -0.684592134153056
-0.0278588035638598 -0.690438184824673
-0.0317363292457391 -0.687267637391727
-0.0355779152415336 -0.684075443169148
-0.0390947066010217 -0.675870256717796
-0.0434070041948136 -0.681619272018354
-0.0477181398334258 -0.686343193403153
-0.0508831364612436 -0.675085110503754
-0.0547283874505808 -0.673780975990759
-0.058473434511582 -0.67145875335453
-0.0619156732344519 -0.666128703335868
-0.0663796371679729 -0.671728176995314
-0.0697654198672321 -0.666357851451267
-0.0736405427545354 -0.665940740954342
-0.0783230128095587 -0.672454091863849
-0.0811402467298504 -0.663053738667251
-0.0844869988153279 -0.658603026891905
-0.0875187186156964 -0.652153719526207
-0.0918659951027089 -0.655594874098165
-0.0949554896861925 -0.650101880460636
-0.0988859054797824 -0.650527153697249
-0.102824477191726 -0.650928664978159
-0.10580041516646 -0.645385367164925
-0.109217904026556 -0.642787250526989
-0.11226226870858 -0.638201522267381
-0.11597288298077 -0.63753767764198
-0.119494882088031 -0.635869462354317
-0.123572617343229 -0.637126995380783
-0.128061238189392 -0.640319700831858
-0.130573028743861 -0.633687370999813
-0.135087101985647 -0.636830020395646
-0.13751018730259 -0.630171364303398
-0.142268031226994 -0.63423955039937
-0.146179636718891 -0.634375688223259
-0.149406999482108 -0.631568324495263
-0.152370794661188 -0.627773160412516
-0.156261584097487 -0.627846571492864
-0.159416901640203 -0.624989001080369
-0.162038696939858 -0.620180990271415
-0.166935712958376 -0.624058064397119
-0.168978949903655 -0.617289328021681
-0.171488411711304 -0.612444058383077
-0.177800518884761 -0.621049897741164
-0.180567788235526 -0.617125816873456
-0.18272265056979 -0.611274433432931
-0.188319208117315 -0.61689616294322
-0.191904599062287 -0.61579024420556
-0.193058894547205 -0.607039754246961
-0.196895482703293 -0.606857618301886
-0.200736474411445 -0.606651356085901
-0.204262059685286 -0.60547337759238
-0.210056891092581 -0.610894510127992
-0.212284357755464 -0.605887243183375
-0.213452285363886 -0.598049430961132
-0.216585998509906 -0.595857789451029
-0.21900728873129 -0.591774287615278
-0.223151081443789 -0.592361878289334
-0.226951130520864 -0.591987486654323
-0.231117755722397 -0.592520533812831
-0.235667043891786 -0.593954581111474
-0.238369765403401 -0.590718930576571
-0.240663247545555 -0.586546844915926
-0.243686235962215 -0.584214017636146
-0.245909575205197 -0.580024551913451
-0.254819048592805 -0.591441672926636
-0.252640997413493 -0.577124359584584
-0.256400281109544 -0.576558666439892
-0.258926574942305 -0.573234706545798
-0.260172073874216 -0.567174128443805
-0.267267013504928 -0.573809501047305
-0.268890471809018 -0.568628977603432
-0.274357424153619 -0.571562773290731
-0.277239670880694 -0.569058138409393
-0.279658877390777 -0.565642919425789
-0.280702542022984 -0.559537382935077
-0.284406303831509 -0.558786233134729
-0.287652034851824 -0.557122344593721
-0.293207713141469 -0.559868946231482
-0.295521430277394 -0.55638753063562
-0.299701441905719 -0.556419846626298
-0.306767745328303 -0.56168812558767
-0.303248072955974 -0.54764642448252
-0.307407688622582 -0.54761712261006
-0.309104357163959 -0.543212201982113
-0.315756375457184 -0.547468639611569
