Nombre d'objet : 4
Nombre de balles : 0

Coordonnées des points (données brutes) (x, y)  : 
-0.172746794620879 0.303248322251273
-0.171469744489663 0.305119856326411
-0.164843574975997 0.297366097242327
-0.162631224666589 0.297442573891912
-0.159474327118659 0.295743028641507
-0.156342754133842 0.294016909768545
-0.153701061188301 0.293150104536209
-0.150615581059541 0.291374238295181
-0.14801002816739 0.290463477156575
-0.144522543280318 0.287745085942034
-0.14328986365453 0.289477140675851
-0.137219497878128 0.28131798627545
-0.136013872548579 0.283012767334512
-0.13479315841239 0.284703010952136
-0.130176168458662 0.279138254571855
-0.12771543551811 0.278073313229478
-0.122799061445072 0.271522357289799
-0.121624267671731 0.273145634256371
-0.122843424502453 0.280259688604177
-0.11962657553514 0.277296740741278
-0.11644840896898 0.27430597523312
-0.113309138862273 0.271287742167408
-0.113629255088764 0.276567157102886
-0.112393143797836 0.27815064484419
-0.108188490265332 0.272294418918398
-0.106966514055801 0.273850625105641
-0.103221231827429 0.268866839346224
-0.0991846546174359 0.262913301847624
-0.0973060488285094 0.262548153414538
-0.0926985702477241 0.254652655737237
-0.0895327036613109 0.25047933043486
-0.0854252675502674 0.243447168116545
-0.0807515429776799 0.234484942601276
-0.0793861426937863 0.234950718977835
-0.0799055896346956 0.241103912753675
-0.0800470091822014 0.246319865867503
-0.0810409691314971 0.25440393338592
-0.0789637394509652 0.252961909883524
-0.078952978324854 0.258198426047943
-0.0780233648035579 0.260569289335353
-0.0753811818662494 0.257180243060091
-0.0738838504898421 0.257614395243734
-0.0715737500512183 0.255151324322657
-0.069030349232725 0.251705802247004
-0.0673061013314847 0.251137191040188
-0.0660973063053664 0.252491873332934
-0.0636369466443825 0.248996664680031
-0.0614614958973067 0.246451789447886
-0.0597904830382153 0.245833476438944
-0.0581287516420631 0.245204095056619
-0.056701379217026 0.245538089906407
-0.0550527543620642 0.244888125961938
-0.0542682354322625 0.248134960501475
-0.0513681028493959 0.241599499191645
-0.0511754605725571 0.247770200458382
-0.0485538330395461 0.242180769874835
-0.0475259442465901 0.244422348862517
-0.0459181449427843 0.243711969269081
-0.0439613567101035 0.241023648458418
-0.0429059589488159 0.243244894471976
-0.0404823809460775 0.237575623397975
-0.0395864011004451 0.240767350045463
-0.0380286550938838 0.240005877827503
-0.0366318615648269 0.240223035361506
-0.0350888332525892 0.239442631502771
-0.0336953659527321 0.239642697183351
-0.0317668615846571 0.235870444322855
-0.0302665235883557 0.235059434079714
-0.0285328300820235 0.232253907625922
-0.0275297696876053 0.235395649452039
-0.02604959255577 0.234557921903479
-0.0245800971261278 0.233710972838825
-0.0230225312533585 0.231859791802477
-0.0220454537947826 0.235972451712021
-0.0200618167103728 0.22912338054044
-0.0186472034544388 0.228239527258818
-0.0175460733558186 0.231335547008652
-0.0159207515674309 0.227443464776476
-0.0145974095346568 0.227532229881565
-0.0133900083881641 0.22960990326065
-0.0116872425619216 0.222693530128962
-0.0105314005924717 0.225754489659809
-0.00909561227020691 0.222814429149977
-0.00786926250991427 0.224862346131028
-0.0067068730476433 0.229902191929357
-0.00529934868267132 0.226938134529081
-0.00396159675392549 0.225965275542857
-0.00262363064146184 0.223984634656615
-0.00133832118913509 0.226996054803591
-1.73572993932046E-05 0.22099999931838
0.0012739716604471 0.22199634455596
0.0025768916173105 0.222985110780053
0.00383924149539995 0.220966649575767
0.0051013844797266 0.219940846311889
0.00638072696913695 0.219907449449411
0.00765985353783731 0.219866611025364
0.00885745980170612 0.21781998394514
0.010310170197984 0.221760457229166
0.0113387480295644 0.21670355971493
0.012599153203899 0.21663393394975
0.0137313980932409 0.21456106055481
0.0150489707070894 0.215475122649129
0.0163021671031832 0.215383934748486
0.0177173563959298 0.217278842233522
0.0183715184940222 0.210198685315165
0.0195939648481464 0.210088258933072
0.0208157481519914 0.209970723266061
0.0221412669996795 0.210840613487176
0.0231469367461436 0.208720433401404
0.0245927097849202 0.2105687503535
0.02581720360168 0.210422128109639
0.0272959258878772 0.212252049294992
0.028130210370929 0.209116453834908
0.0292071146097983 0.207958997055117
0.0299818297548118 0.204817210909029
0.0313233679387448 0.205627932492096
0.0317372995132472 0.20050372520132
0.0333893757330132 0.203276042828858
0.0345712979417402 0.203078372454142
0.0347107284218358 0.196964883500652
0.0363937540454424 0.199711027904019
0.0379248860843411 0.201461418180975
0.0383333234032774 0.197310811454567
0.0400697219350656 0.200026041764683
0.0406262632337824 0.196851483955949
0.0423941335160644 0.199546329065263
0.0431272050335508 0.197342454089317
0.0442744459072703 0.197088237699778
0.0454201885551865 0.196827351939743
0.0463338774029233 0.195586737292718
0.0479431975269468 0.197257318776496
0.0483643957343744 0.194064126579976
0.0499874022493198 0.195717295138587
0.0506188844133096 0.193488316290033
0.0514848605413482 0.192224631967492
0.0528665214760917 0.192886316018058
0.0534477987857768 0.190649764765014
0.054280397649154 0.189374334140215
0.0548188534174381 0.187136028893416
0.0573400247888935 0.191604075001575
0.0567000348503288 0.185529259277267
0.0586718062365057 0.1880601477
0.0603715366465715 0.189621405866879
0.0596200967475993 0.183560464326627
0.0616302061514194 0.186058371727083
0.0646312323381735 0.191381304746438
0.0618378820276606 0.179655437842369
0.063212875766723 0.180236323579074
0.0676246798063663 0.18928260004841
0.0690665343485079 0.189825745970051
0.0677379903529978 0.182856677928199
0.0673892555807648 0.178716782178592
0.0698607792524674 0.182056231758866
0.0716460162823263 0.18350980450884
0.0719741120122148 0.181231143019221
0.0715291502218906 0.177100481841621
0.0748374738865248 0.182231590297302
0.0755110157904419 0.180870358252246
0.0753900224583402 0.177666385435543
0.0756303183124424 0.175388297648271
0.0774519090861031 0.176777266012681
0.0776656851709244 0.174496536776324
0.0762078379870926 0.168574510022521
0.0809422233072551 0.176307562191979
0.0832339838438884 0.17855280432823
0.0817046070466738 0.172642280995556
0.0827075105983483 0.172164072008721
0.0837076153679267 0.171680037073083
0.0869222929446083 0.175671611221767
0.0803150444916682 0.159970289830022
0.0885063131497835 0.173757395619963
0.0872203169092057 0.16879756016678
0.0895934054279062 0.170944498899002
0.0887088629967001 0.166888398715527
0.092050615384973 0.170770852920654
0.0935220578040676 0.171109978388441
0.0964546343948593 0.174061780709477
0.0910984498636106 0.162163721073634
0.095998959085491 0.168582916852516
0.0964781202184807 0.167155533318848
0.0984586892845114 0.16831781398407
0.101475869254593 0.171183083156674
0.0968057818237585 0.161160294754914
0.0972217351088936 0.159740208533782
0.104972537785036 0.170237382237184
0.101192810383444 0.161990787166124
0.102668152829144 0.162244415603902
0.101451669582978 0.158276842080029
0.107815921681852 0.166071451586035
0.104385001961486 0.158756956904258
0.110294963173951 0.165638223542927
0.10678401061686 0.158360901350612
0.111086766194488 0.162692133726407
0.112031291112054 0.16204317267866
0.110104714667204 0.15729256755503
0.111017846116713 0.156649410607272
0.109012449401708 0.15193842790894
0.111069795249514 0.152919915587313
0.114919311935994 0.156299557722208
0.115229541182113 0.154826202042677
0.117933340859689 0.156549439838258
0.114597659216874 0.150294299632465
0.116080957081174 0.150416792291016
0.12434055779039 0.159196186161524
0.119063308046328 0.150625126313856
0.128682945300001 0.160862362250829
0.11954922526028 0.147675261095645
0.118505100259582 0.144656632106746
0.121897409785736 0.14704428410356
0.121465377992573 0.14480042109442
0.127482607206033 0.150190495238388
0.127051043186331 0.147929146638737
0.123973745042154 0.142658720519367
0.130084118344403 0.147942969263697
0.131607206596989 0.147930872949961
0.129120427067492 0.143446559087029
0.129279362460477 0.141953677098597
0.132813418793852 0.144140888675937
0.134331546758362 0.144097312762959
0.132422991564864 0.140403530244122
0.137379597763109 0.14397168512748
0.130574765299219 0.135256166835579
0.140442721455169 0.143794443530568
0.140573949240137 0.142263715665772
0.142106135778384 0.142150786751729
0.140086252846882 0.138509356230255
0.143750315053126 0.140487888880598
0.141688204048882 0.136870204330243
0.143205260060768 0.136734244031727
0.14690729597978 0.138644316103869
0.149905057620821 0.139833735914115
0.143363957216878 0.13218084494781
0.143391316782351 0.130671076644464
0.141919915219704 0.12782698331742
0.150130270330647 0.133648426591737
0.149403638942599 0.131451712315624
0.156202600834599 0.135829847575954
0.153198069054115 0.131659984954012
0.156247917700353 0.132708659153439
0.15088975731046 0.126654179318294
0.155472294726292 0.128966528884595
0.152353053006628 0.12489014068196
0.163955546957009 0.132814075391232
0.159260549438028 0.12748363578396
0.16078375717816 0.127175404177359
0.163096648131421 0.127469538982046
0.159086545837315 0.12285141811779
0.162978568843806 0.124350255719981
0.168490370700135 0.127011790717757
0.17243444924665 0.12841869300458
0.169151154015742 0.124450339875561
0.16987223826257 0.123464256639988
0.17221221767814 0.123640414437906
0.163140130825552 0.115694847397029
0.169543748234847 0.118759915099662
0.167764597355237 0.116064808939812
0.170088267578107 0.116215236661456
0.175735065058682 0.118579875648529
0.17059663750211 0.11367403957357
0.180444303157178 0.118725959495471
0.175261881577242 0.113860760870481
0.188547189109009 0.120937824848521
0.173195268002798 0.109674058653079
0.181461903360958 0.113435345587777
0.182969725422107 0.112902965324028
0.192164026454931 0.117038399410744
0.190270383563598 0.114372991298477
0.185772151492588 0.110203029585466
0.19935521993243 0.116698313122738
0.184443890764318 0.10653380289711
0.185929321692071 0.105954175637991
0.193516079517218 0.108791208138736
0.194145660003669 0.107663655435526
0.188627316213653 0.103173327842203
0.193624864468292 0.104448129995877
0.196877758489518 0.104728927293957
0.200140381935488 0.10497536624712
0.200747653017257 0.103809343548945
0.206693656494688 0.105364758647547
0.201048247484303 0.101017831017551
0.207905492170399 0.102952932573017
0.205804735167412 0.100426146907423
0.211792925878897 0.101827091422941
0.205151670980529 0.0971688833624051
0.21477571212833 0.100201763855576
0.21535496682467 0.0989506860205894
0.209549345244924 0.0948107162056257
0.208270394553946 0.0927763049077914
0.21888056522307 0.0959807176865709
0.218517057113869 0.0943095740118374
0.22182325812873 0.0942095650831422
0.222367536065675 0.0929175920053922
0.224754117318995 0.092382827127987
0.223433499346975 0.0903242568171206
0.223955148619649 0.0890229824638055
0.22540062690778 0.0880826736059929
0.235244294316586 0.0903555310509067
0.229216872189244 0.0865137301460277
0.231591491957687 0.0858742152966331
0.249939971768202 0.0910275261253993
0.236341282551571 0.0845209924331141
0.242490204890273 0.0851322531845211
0.237308613212621 0.0817656535172466
0.240622235958967 0.0813445730341453
0.243938893965784 0.0808876752710191
0.24440530228569 0.0794672776345111
0.240099559891967 0.0765258213917621
0.241495186043024 0.0754259578530172
0.248623575737107 0.0760678485806932
0.25864116972281 0.0774902918075339
0.247572563253912 0.072607340702493
0.25183555985591 0.0722692935627612
0.252251700150534 0.0708031056604517
0.25844539530958 0.0709223352920301
0.257887716711468 0.0691586984358829
0.266024555981922 0.069684543584795
0.264487780904353 0.0676403263762884
0.266817268960703 0.0665848705364193
0.26525681525752 0.064558670675889
0.267573866376466 0.0634761847652265
0.268912911697364 0.0621437520789148
0.273172323015216 0.0614563417270367
0.278409580341131 0.0609352572348342
0.282671751003601 0.0601471627307404
0.28007896209814 0.0578945160617901
0.281391462347174 0.0564610035167555
0.291531002029338 0.0567333663356067
0.288908054501555 0.0544806024574499
0.287252604469152 0.0524398820144444
0.304293882234878 0.053723674803817
0.298686664885389 0.0509438536002463
0.294044329506653 0.0483935149062616
0.311110983217742 0.0493452745588692
0.306450025787435 0.0467801420998314
0.299791100796481 0.0439806307734907
0.31192471666085 0.043908668119725
0.304246611790754 0.0410243734119864
0.313406235900529 0.0404045950191583
0.314628491617209 0.0387028715043196
0.301936548283917 0.0353598757123647
0.291204539638778 0.0323869741372566
0.282437527379188 0.0297496744172155
0.275640170825089 0.0274134315166104
0.269821076714576 0.0252504764427668
0.265978697616198 0.0233309325658256
0.267106583201053 0.0218648853337668
0.270220627390007 0.0205380752007297
0.279313461054903 0.0195956748679657
0.266449528112783 0.0171361888550362
0.266544703625245 0.0155859221520748
0.269626711746789 0.0141928260967996
0.265709086164755 0.0124371029380232
0.269773584617646 0.0110550007935649
0.269833328707248 0.00948550044890355
0.257889099911368 0.00756387115863491
0.259928184231264 0.00611056807819139
0.261959019570212 0.00463379604785446
0.257981824561562 0.00306238402025216
0.260995218963067 0.00157977163554933
0.259999992782852 6.12610561781675E-05
0.2559960123182 -0.00142887269548337
0.256983303996466 -0.00292941411550156
0.258961618680238 -0.00445870502624111
0.257931565408615 -0.00594201698596551
0.265889306540739 -0.0076731132720048
0.263841373823813 -0.00915038025237761
0.267780402993691 -0.0108469245658122
0.267712774031354 -0.0124044596995376
0.271630654243172 -0.0141699567898531
0.273540273894981 -0.0158656407831063
0.263463668443314 -0.0168194949505513
0.268349273903113 -0.0186993902486741
0.289176309817656 -0.0218417453570631
0.341869708935549 -0.0278226906017892
0.395497737913664 -0.0345041925738676
0.453040554692276 -0.0421812257303486
0.46074861401822 -0.0456038888724342
0.461470081208688 -0.0483876445928761
0.477083581117088 -0.0528323445296074
0.474781641263343 -0.0553750225217685
0.490332704481264 -0.0600819350228426
0.486007494449118 -0.0624236761116333
0.513386780227261 -0.0689783581124252
0.507035019781708 -0.0711300830518481
0.516507445181957 -0.0755252214270659
0.522979700795766 -0.0795816094055098
0.534360645487533 -0.0844967487785586
0.53386007400745 -0.087603774923
0.549114936020905 -0.0933905082904985
0.563335153578751 -0.0991841960314505
0.583409005416267 -0.106221148549626
0.575901856257071 -0.108319213252588
0.582133733482456 -0.113001399733705
0.580485987220634 -0.116189580602074
0.576862096306359 -0.118958487906634
0.569312930242944 -0.12085854317421
0.563715363548192 -0.123101538981969
0.56981975688649 -0.127911862865886
0.567117176955588 -0.130775026675295
0.562454425408787 -0.133150363642277
0.560698605217099 -0.136183971551722
0.568630143254563 -0.141618361035198
0.565858834259582 -0.144429151110111
0.555334280833282 -0.145188968352907
0.55641228586796 -0.148934106688803
0.564216757334563 -0.154545950263573
0.547901474176466 -0.153508874646567
0.550844556950547 -0.157795038191812
0.543199306824017 -0.159029912487895
0.543223080631268 -0.162473642999334
0.55183257879894 -0.168552083867603
0.540341414332537 -0.168484883467668
0.537446332059207 -0.171018829829071
0.549758342493844 -0.178465024187994
0.540166941889466 -0.178831414717274
0.536275065959043 -0.181011197528286
0.535213023101608 -0.184127727141887
0.533189171246498 -0.186907216729243
0.535859911833162 -0.191350868537762
0.532858158363572 -0.193781276353991
0.531721887860602 -0.196877713238339
0.528696133408775 -0.199262135185315
0.528461728315786 -0.202692381962156
0.524478958065918 -0.204672476278784
0.525138370484497 -0.208457889860007
0.522989568074035 -0.211134818743224
0.520827423279082 -0.213793814598251
0.52049780886005 -0.217205043615213
0.520146100500374 -0.220619659446421
0.511507317985138 -0.220475086228922
0.512964149075277 -0.224650354469956
0.510734986834195 -0.227224059517198
0.508493270714685 -0.229779445638382
0.5126012100867 -0.235236050420957
0.507598430628568 -0.236524487576688
0.50711789733168 -0.239900892465817
0.509319579977936 -0.244578342154614
0.506090379227129 -0.246660754993048
0.507336013935632 -0.250930605873225
0.502292692107968 -0.25208342161858
0.501708921316314 -0.255454806710738
0.499325933390635 -0.257910085579396
0.498702979068541 -0.261274450852283
0.499823911920078 -0.265578721046906
0.495629533922856 -0.267058729689581
0.496700314591496 -0.271375749625329
0.492489001891317 -0.272806860280481
0.492637560553555 -0.276646405962272
0.493627117196915 -0.280991582023132
0.494582703152536 -0.285357582240828
0.48428189140822 -0.283182007998525
0.48090579220039 -0.284974769107925
0.479239914530032 -0.287767448335019
0.478412126982716 -0.291070157789963
0.475859564370884 -0.293323498882638
0.477538016334271 -0.298205370433749
0.47495012427611 -0.300443637726126
0.474878328354881 -0.304280418789763
0.47310024881565 -0.307037708711112
0.471306159793164 -0.309784608625123
0.471161001863768 -0.31362925616519
0.470157804111698 -0.3169237120079
0.468306256514654 -0.319653328012131
0.469729435640702 -0.324646357276141
0.464555682741668 -0.325080017276397
0.465920676135765 -0.330089266031466
0.459929631621236 -0.329879878071935
0.458002889126306 -0.332549776051581
0.457672169759967 -0.336392902759859
0.45330067199886 -0.33725880383673
0.450532301212444 -0.339288440068652
0.451732199377193 -0.344328360792201
0.450513309881782 -0.347561156660754
0.44848387206627 -0.350175979325318
0.450362274098669 -0.355878942997019
0.445160519560682 -0.355994539037418
0.446968799277372 -0.361723502792594
0.444857036948149 -0.364317466885288
0.441960255270762 -0.366261017255457
0.440588423020188 -0.369468322729545
0.43919420580992 -0.372672040248519
0.432466605684939 -0.371312045276406
0.435583688243713 -0.378412275879105
0.435628287219802 -0.382920351214116
0.428910031411937 -0.381460594235121
0.431143870019533 -0.387962579825142
0.427400843157058 -0.389117616240432
0.427336613642563 -0.393629798974248
0.426502710871071 -0.39747256209659
0.423455749998181 -0.399260851816802
0.42112602512963 -0.401717401861704
0.418782049560378 -0.404160357984314
0.419285922558627 -0.409384068014574
0.418320237931757 -0.413221706274874
0.414494729795192 -0.414234376859298
0.415594077655542 -0.42019348235978
0.413841774613148 -0.42331901160359
0.41137226249643 -0.425719228657302
0.409579520332394 -0.428828189983222
0.40433214369571 -0.428294895573635
0.400469385738059 -0.429177435435021
0.402711782295365 -0.436645417244348
0.399491258455552 -0.438241639301424
0.399612653705139 -0.443529849050474
0.400350987189169 -0.449581012784858
0.400371650509021 -0.454904980703314
0.395093420544271 -0.454208310186667
0.392444537974625 -0.456498942620772
0.3904298543006 -0.459536210619808
0.388393092364687 -0.4625654611008
0.387611415526728 -0.467125668908663
0.387423843651506 -0.472465623479945
0.385298457970476 -0.475488273552117
0.380650825181449 -0.475379794783794
0.380360993351655 -0.480722908479034
0.380637713820453 -0.486866440430575
0.378410424011236 -0.489863808624026
0.374947698858964 -0.491261868172533
0.373287765141565 -0.495031558989542
0.373388887674753 -0.50120428825082
0.374023472807272 -0.508200198533204
0.371060867844965 -0.510367350399829
0.368085706362628 -0.512517231682531
0.363362281958862 -0.512202940297738
0.362098116971455 -0.516764892079296
0.360224040306305 -0.520507099649372
0.360575765682976 -0.527547265372625
0.358060312709324 -0.530464713682731
0.355523100046282 -0.533370720356378
0.352414387415138 -0.535429826908077
0.351473429434368 -0.540824766816059
0.35048155688151 -0.546226764527254
0.345692759687086 -0.545722013391367
0.345163388553382 -0.551963074129372
0.341946696702949 -0.553961602111501
0.342360567235933 -0.561919248648674
0.340631991082987 -0.566472282332366
0.335799970761966 -0.565864276692091
0.3355345103097 -0.572985682535986
0.331695395006281 -0.574061987011531
0.330826625546263 -0.580325549868066
0.327445187506317 -0.582240198868949
0.32599310402283 -0.587632960383912
0.323529266963231 -0.591273890357281
0.320559166727681 -0.594025942722079
0.320856406126234 -0.602942921550421
0.315485040660134 -0.601257173861297
0.315198410115493 -0.609299566929655
0.311648690309744 -0.611122814030226
0.308537532953744 -0.613818858262613
0.307625056860422 -0.620979729453081
0.303568836651401 -0.621860081862564
0.303847282228154 -0.631726071238606
0.302736488414198 -0.638905015305593
0.297323021750968 -0.637030627785567
0.294865257178137 -0.641475237331318
0.294015256006967 -0.649556794464624
0.291859940700471 -0.654909745701129
0.290053978605669 -0.661175233576563
0.285806512794359 -0.661933257394073
0.284297446046633 -0.669106839130614
0.283871597172528 -0.679052955459821
0.279916641513487 -0.680692789592934
0.276327148683726 -0.683236640484336
0.273826127290367 -0.688549382407072
0.270908472334452 -0.692924670954508
0.2690252441172 -0.700089578573829
0.265301430693329 -0.702578216906896
0.262949020092782 -0.708797441327383
0.261902597342514 -0.718771194125951
0.259064506151818 -0.72404874259425
0.254848222998138 -0.725543508850221
0.25420830481814 -0.73741313912995
0.2505551671906 -0.740773992655041
0.248131057504243 -0.74791375057678
0.243776133020504 -0.749344511536296
0.240932077032374 -0.755513556633411
0.237726170139392 -0.760720229802558
0.234175081052416 -0.764958842954374
0.232018451236793 -0.773971212827506
0.228638517333586 -0.779145960903026
0.225758168102856 -0.786229768919266
0.221721516338848 -0.789455235711565
0.219508469166196 -0.799410427730533
0.215372811211441 -0.802605477299327
0.209432539583439 -0.799008142238633
0.205028965091894 -0.801181704405029
0.19988034382017 -0.800420419626043
0.19451090277283 -0.79865481198231
0.188475865234399 -0.793935040305027
0.184304860506285 -0.796966572946293
0.177688906708771 -0.789244988854945
0.17352266682295 -0.79221896221856
0.165995420341802 -0.779521982002784
0.160242522544933 -0.774598821305866
0.155930736308524 -0.776498297148347
0.151984618109355 -0.780336898946957
0.146329934925353 -0.775311905070948
0.140019922122617 -0.766312874359277
0.134341672425001 -0.760221227702867
0.130421937909086 -0.763947064993405
0.124837891481714 -0.757785920198046
0.119173170771857 -0.750598264964809
0.116466460597335 -0.762152585481365
0.109415426217644 -0.745008231166348
0.104800654326673 -0.743651681133514
0.100606733604154 -0.745239750116366
0.0967819339816946 -0.749779472414898
0.0918074822039559 -0.745367282761573
0.0861888305425771 -0.734963594669629
0.0821333628034348 -0.737440242131252
0.077422538570434 -0.733927619402152
0.0728544965586206 -0.731380354077952
0.0692520360472657 -0.738761230373731
0.0649533797323782 -0.739151580165626
0.0601620737384977 -0.733536996260913
0.0553623611987704 -0.726894771588362
0.051764240080146 -0.736182357469211
0.0465801600176775 -0.722500026776973
0.0426106053645513 -0.726751908363828
0.0374332479197144 -0.709012518895246
0.0334020085424413 -0.711216075342318
0.0295519028521017 -0.718392431083332
0.0251959642793753 -0.713555298056172
0.0210446800613589 -0.713689793566585
0.016892683701563 -0.713800138160087
0.0125616827085148 -0.703887920146049
0.00837063465151657 -0.695949662314403
0.0043965678295173 -0.707986348873564
0.000273318553837478 -0.695999946334027
-0.00375914850186633 -0.692989804255835
-0.00786900025514218 -0.699955769199015
-0.0118212083829902 -0.692899169455676
-0.0156000921007024 -0.681821558126795
-0.0196521539747831 -0.684718038935847
-0.0238419499969679 -0.690588561605492
-0.0277378536207461 -0.687440623964364
-0.0319208427878655 -0.691263379469586
-0.0354220995543444 -0.681079492323152
-0.039556682454505 -0.683856906723324
-0.0435341110885027 -0.683615228891029
-0.0472326355037252 -0.679360050447016
-0.0514092545635017 -0.682065311055492
-0.0551331832157478 -0.678764563091282
-0.0583866786740277 -0.670462523750147
-0.0623784211659501 -0.671107243719544
-0.0663796371679729 -0.671728176995314
-0.0698695473595713 -0.667352415408657
-0.073750454012378 -0.666934682358751
-0.0777445562895472 -0.667487665779182
-0.0799255723776071 -0.653127784495586
-0.0851231960955638 -0.663562387034163
-0.0885827759848842 -0.660082640128349
-0.0922823062587635 -0.658565847847855
-0.0951000185898244 -0.651091381039724
-0.0994870356042795 -0.65448172606015
-0.103448601484241 -0.654879673566797
-0.106123963836694 -0.647359022722004
-0.109552928272036 -0.64475899055928
-0.113301734159586 -0.644110795621709
-0.117046705971333 -0.643440804286813
-0.120418335581756 -0.640783445834644
-0.123953426641668 -0.639090406768705
-0.126492340937455 -0.632475049060564
-0.13178390690841 -0.639563915398575
-0.134879594916545 -0.635851786877374
-0.136444216858384 -0.625286314967713
-0.141830283438603 -0.632288044090449
-0.14460781266815 -0.627554444263869
-0.148255944016144 -0.626702620916717
-0.153786003280332 -0.633603870880743
-0.158435238281224 -0.636580140493538
-0.158428269692047 -0.621113100298476
-0.161280325503322 -0.617278427134419
-0.166418884125687 -0.622125996086292
-0.16871492029443 -0.616324813446647
-0.173645498651068 -0.620147757230663
-0.177250052882022 -0.619127142639798
-0.180567788235526 -0.617125816873456
-0.184727444541559 -0.617981206213543
-0.185983466001131 -0.609244737666405
-0.188929333960546 -0.606243108636481
-0.19245274417186 -0.605133820952622
-0.196895482703293 -0.606857618301886
-0.201993040761439 -0.610448860662339
-0.203942400749941 -0.604525844920092
-0.207130401897793 -0.602383595900203
-0.211292374775298 -0.603055994383453
-0.212443849370041 -0.595224000578639
-0.219318944863343 -0.603376499728014
-0.22004852782193 -0.594587794529455
-0.222798552089217 -0.591426077533742
-0.223013492609619 -0.581716410387449
-0.233298111908457 -0.598110350169556
-0.233823013814386 -0.589307049177895
-0.235376110578868 -0.583300168497116
-0.241802032628578 -0.589322303172626
-0.244071206319186 -0.58513694657396
-0.250203234454811 -0.590151964724638
-0.255610412097752 -0.593278448308395
-0.257854224344247 -0.589033274941091
-0.25599394151983 -0.575644944306073
-0.260161518860949 -0.575968735352853
-0.26350761328286 -0.574445591628982
-0.265578122424328 -0.570183532636263
-0.272310382420261 -0.575861142660391
-0.273059202903681 -0.568858217581153
-0.275925738791212 -0.566361180407453
-0.278772478413311 -0.563850073405422
-0.285186608189485 -0.568475679787075
-0.283952705260804 -0.557895027021276
-0.289945910727836 -0.561565106512331
-0.29367164939644 -0.560754814817291
-0.296928675183477 -0.559036995067218
-0.298753019621207 -0.554659024326848
-0.304850446920001 -0.558177574802747
-0.307607869532019 -0.555519935377636
-0.308386694000361 -0.549361126185251
-0.309598924135422 -0.544081341505284
-0.3107602302759 -0.538806161136702

Coordonnées des points (filtrage des pics) (x, y)  : 
-0.172746794620879 0.303248322251273
-0.171469744489663 0.305119856326411
-0.164843574975997 0.297366097242327
-0.162631224666589 0.297442573891912
-0.159474327118659 0.295743028641507
-0.156342754133842 0.294016909768545
-0.153701061188301 0.293150104536209
-0.150615581059541 0.291374238295181
-0.14801002816739 0.290463477156575
-0.144522543280318 0.287745085942034
-0.14328986365453 0.289477140675851
-0.137219497878128 0.28131798627545
-0.136013872548579 0.283012767334512
-0.13479315841239 0.284703010952136
-0.130176168458662 0.279138254571855
-0.12771543551811 0.278073313229478
-0.122799061445072 0.271522357289799
-0.121624267671731 0.273145634256371
-0.122843424502453 0.280259688604177
-0.11962657553514 0.277296740741278
-0.11644840896898 0.27430597523312
-0.113309138862273 0.271287742167408
-0.113629255088764 0.276567157102886
-0.112393143797836 0.27815064484419
-0.108188490265332 0.272294418918398
-0.106966514055801 0.273850625105641
-0.103221231827429 0.268866839346224
-0.0991846546174359 0.262913301847624
-0.0973060488285094 0.262548153414538
-0.0926985702477241 0.254652655737237
-0.0895327036613109 0.25047933043486
-0.0854252675502674 0.243447168116545
-0.0807515429776799 0.234484942601276
-0.0793861426937863 0.234950718977835
-0.0799055896346956 0.241103912753675
-0.0800470091822014 0.246319865867503
-0.0810409691314971 0.25440393338592
-0.0789637394509652 0.252961909883524
-0.078952978324854 0.258198426047943
-0.0780233648035579 0.260569289335353
-0.0753811818662494 0.257180243060091
-0.0738838504898421 0.257614395243734
-0.0715737500512183 0.255151324322657
-0.069030349232725 0.251705802247004
-0.0673061013314847 0.251137191040188
-0.0660973063053664 0.252491873332934
-0.0636369466443825 0.248996664680031
-0.0614614958973067 0.246451789447886
-0.0597904830382153 0.245833476438944
-0.0581287516420631 0.245204095056619
-0.056701379217026 0.245538089906407
-0.0550527543620642 0.244888125961938
-0.0542682354322625 0.248134960501475
-0.0513681028493959 0.241599499191645
-0.0511754605725571 0.247770200458382
-0.0485538330395461 0.242180769874835
-0.0475259442465901 0.244422348862517
-0.0459181449427843 0.243711969269081
-0.0439613567101035 0.241023648458418
-0.0429059589488159 0.243244894471976
-0.0404823809460775 0.237575623397975
-0.0395864011004451 0.240767350045463
-0.0380286550938838 0.240005877827503
-0.0366318615648269 0.240223035361506
-0.0350888332525892 0.239442631502771
-0.0336953659527321 0.239642697183351
-0.0317668615846571 0.235870444322855
-0.0302665235883557 0.235059434079714
-0.0285328300820235 0.232253907625922
-0.0275297696876053 0.235395649452039
-0.02604959255577 0.234557921903479
-0.0245800971261278 0.233710972838825
-0.0230225312533585 0.231859791802477
-0.0220454537947826 0.235972451712021
-0.0200618167103728 0.22912338054044
-0.0186472034544388 0.228239527258818
-0.0175460733558186 0.231335547008652
-0.0159207515674309 0.227443464776476
-0.0145974095346568 0.227532229881565
-0.0133900083881641 0.22960990326065
-0.0116872425619216 0.222693530128962
-0.0105314005924717 0.225754489659809
-0.00909561227020691 0.222814429149977
-0.00786926250991427 0.224862346131028
-0.0067068730476433 0.229902191929357
-0.00529934868267132 0.226938134529081
-0.00396159675392549 0.225965275542857
-0.00262363064146184 0.223984634656615
-0.00133832118913509 0.226996054803591
-1.73572993932046E-05 0.22099999931838
0.0012739716604471 0.22199634455596
0.0025768916173105 0.222985110780053
0.00383924149539995 0.220966649575767
0.0051013844797266 0.219940846311889
0.00638072696913695 0.219907449449411
0.00765985353783731 0.219866611025364
0.00885745980170612 0.21781998394514
0.010310170197984 0.221760457229166
0.0113387480295644 0.21670355971493
0.012599153203899 0.21663393394975
0.0137313980932409 0.21456106055481
0.0150489707070894 0.215475122649129
0.0163021671031832 0.215383934748486
0.0177173563959298 0.217278842233522
0.0183715184940222 0.210198685315165
0.0195939648481464 0.210088258933072
0.0208157481519914 0.209970723266061
0.0221412669996795 0.210840613487176
0.0231469367461436 0.208720433401404
0.0245927097849202 0.2105687503535
0.02581720360168 0.210422128109639
0.0272959258878772 0.212252049294992
0.028130210370929 0.209116453834908
0.0292071146097983 0.207958997055117
0.0299818297548118 0.204817210909029
0.0313233679387448 0.205627932492096
0.0317372995132472 0.20050372520132
0.0333893757330132 0.203276042828858
0.0345712979417402 0.203078372454142
0.0347107284218358 0.196964883500652
0.0363937540454424 0.199711027904019
0.0379248860843411 0.201461418180975
0.0383333234032774 0.197310811454567
0.0400697219350656 0.200026041764683
0.0406262632337824 0.196851483955949
0.0423941335160644 0.199546329065263
0.0431272050335508 0.197342454089317
0.0442744459072703 0.197088237699778
0.0454201885551865 0.196827351939743
0.0463338774029233 0.195586737292718
0.0479431975269468 0.197257318776496
0.0483643957343744 0.194064126579976
0.0499874022493198 0.195717295138587
0.0506188844133096 0.193488316290033
0.0514848605413482 0.192224631967492
0.0528665214760917 0.192886316018058
0.0534477987857768 0.190649764765014
0.054280397649154 0.189374334140215
0.0548188534174381 0.187136028893416
0.0573400247888935 0.191604075001575
0.0567000348503288 0.185529259277267
0.0586718062365057 0.1880601477
0.0603715366465715 0.189621405866879
0.0596200967475993 0.183560464326627
0.0616302061514194 0.186058371727083
0.0646312323381735 0.191381304746438
0.0618378820276606 0.179655437842369
0.063212875766723 0.180236323579074
0.0676246798063663 0.18928260004841
0.0690665343485079 0.189825745970051
0.0677379903529978 0.182856677928199
0.0673892555807648 0.178716782178592
0.0698607792524674 0.182056231758866
0.0716460162823263 0.18350980450884
0.0719741120122148 0.181231143019221
0.0715291502218906 0.177100481841621
0.0748374738865248 0.182231590297302
0.0755110157904419 0.180870358252246
0.0753900224583402 0.177666385435543
0.0756303183124424 0.175388297648271
0.0774519090861031 0.176777266012681
0.0776656851709244 0.174496536776324
0.0762078379870926 0.168574510022521
0.0809422233072551 0.176307562191979
0.0832339838438884 0.17855280432823
0.0817046070466738 0.172642280995556
0.0827075105983483 0.172164072008721
0.0837076153679267 0.171680037073083
0.0869222929446083 0.175671611221767
0.0803150444916682 0.159970289830022
0.0885063131497835 0.173757395619963
0.0872203169092057 0.16879756016678
0.0895934054279062 0.170944498899002
0.0887088629967001 0.166888398715527
0.092050615384973 0.170770852920654
0.0935220578040676 0.171109978388441
0.0964546343948593 0.174061780709477
0.0910984498636106 0.162163721073634
0.095998959085491 0.168582916852516
0.0964781202184807 0.167155533318848
0.0984586892845114 0.16831781398407
0.101475869254593 0.171183083156674
0.0968057818237585 0.161160294754914
0.0972217351088936 0.159740208533782
0.104972537785036 0.170237382237184
0.101192810383444 0.161990787166124
0.102668152829144 0.162244415603902
0.101451669582978 0.158276842080029
0.107815921681852 0.166071451586035
0.104385001961486 0.158756956904258
0.110294963173951 0.165638223542927
0.10678401061686 0.158360901350612
0.111086766194488 0.162692133726407
0.112031291112054 0.16204317267866
0.110104714667204 0.15729256755503
0.111017846116713 0.156649410607272
0.109012449401708 0.15193842790894
0.111069795249514 0.152919915587313
0.114919311935994 0.156299557722208
0.115229541182113 0.154826202042677
0.117933340859689 0.156549439838258
0.114597659216874 0.150294299632465
0.116080957081174 0.150416792291016
0.12434055779039 0.159196186161524
0.119063308046328 0.150625126313856
0.128682945300001 0.160862362250829
0.11954922526028 0.147675261095645
0.118505100259582 0.144656632106746
0.121897409785736 0.14704428410356
0.121465377992573 0.14480042109442
0.127482607206033 0.150190495238388
0.127051043186331 0.147929146638737
0.123973745042154 0.142658720519367
0.130084118344403 0.147942969263697
0.131607206596989 0.147930872949961
0.129120427067492 0.143446559087029
0.129279362460477 0.141953677098597
0.132813418793852 0.144140888675937
0.134331546758362 0.144097312762959
0.132422991564864 0.140403530244122
0.137379597763109 0.14397168512748
0.130574765299219 0.135256166835579
0.140442721455169 0.143794443530568
0.140573949240137 0.142263715665772
0.142106135778384 0.142150786751729
0.140086252846882 0.138509356230255
0.143750315053126 0.140487888880598
0.141688204048882 0.136870204330243
0.143205260060768 0.136734244031727
0.14690729597978 0.138644316103869
0.149905057620821 0.139833735914115
0.143363957216878 0.13218084494781
0.143391316782351 0.130671076644464
0.141919915219704 0.12782698331742
0.150130270330647 0.133648426591737
0.149403638942599 0.131451712315624
0.156202600834599 0.135829847575954
0.153198069054115 0.131659984954012
0.156247917700353 0.132708659153439
0.15088975731046 0.126654179318294
0.155472294726292 0.128966528884595
0.152353053006628 0.12489014068196
0.163955546957009 0.132814075391232
0.159260549438028 0.12748363578396
0.16078375717816 0.127175404177359
0.163096648131421 0.127469538982046
0.159086545837315 0.12285141811779
0.162978568843806 0.124350255719981
0.168490370700135 0.127011790717757
0.17243444924665 0.12841869300458
0.169151154015742 0.124450339875561
0.16987223826257 0.123464256639988
0.17221221767814 0.123640414437906
0.163140130825552 0.115694847397029
0.169543748234847 0.118759915099662
0.167764597355237 0.116064808939812
0.170088267578107 0.116215236661456
0.175735065058682 0.118579875648529
0.17059663750211 0.11367403957357
0.180444303157178 0.118725959495471
0.175261881577242 0.113860760870481
0.188547189109009 0.120937824848521
0.173195268002798 0.109674058653079
0.181461903360958 0.113435345587777
0.182969725422107 0.112902965324028
0.192164026454931 0.117038399410744
0.190270383563598 0.114372991298477
0.185772151492588 0.110203029585466
0.19935521993243 0.116698313122738
0.184443890764318 0.10653380289711
0.185929321692071 0.105954175637991
0.193516079517218 0.108791208138736
0.194145660003669 0.107663655435526
0.188627316213653 0.103173327842203
0.193624864468292 0.104448129995877
0.196877758489518 0.104728927293957
0.200140381935488 0.10497536624712
0.200747653017257 0.103809343548945
0.206693656494688 0.105364758647547
0.201048247484303 0.101017831017551
0.207905492170399 0.102952932573017
0.205804735167412 0.100426146907423
0.211792925878897 0.101827091422941
0.205151670980529 0.0971688833624051
0.21477571212833 0.100201763855576
0.21535496682467 0.0989506860205894
0.209549345244924 0.0948107162056257
0.208270394553946 0.0927763049077914
0.21888056522307 0.0959807176865709
0.218517057113869 0.0943095740118374
0.22182325812873 0.0942095650831422
0.222367536065675 0.0929175920053922
0.224754117318995 0.092382827127987
0.223433499346975 0.0903242568171206
0.223955148619649 0.0890229824638055
0.22540062690778 0.0880826736059929
0.235244294316586 0.0903555310509067
0.229216872189244 0.0865137301460277
0.231591491957687 0.0858742152966331
0.249939971768202 0.0910275261253993
0.236341282551571 0.0845209924331141
0.242490204890273 0.0851322531845211
0.237308613212621 0.0817656535172466
0.240622235958967 0.0813445730341453
0.243938893965784 0.0808876752710191
0.24440530228569 0.0794672776345111
0.240099559891967 0.0765258213917621
0.241495186043024 0.0754259578530172
0.248623575737107 0.0760678485806932
0.25864116972281 0.0774902918075339
0.247572563253912 0.072607340702493
0.25183555985591 0.0722692935627612
0.252251700150534 0.0708031056604517
0.25844539530958 0.0709223352920301
0.257887716711468 0.0691586984358829
0.266024555981922 0.069684543584795
0.264487780904353 0.0676403263762884
0.266817268960703 0.0665848705364193
0.26525681525752 0.064558670675889
0.267573866376466 0.0634761847652265
0.268912911697364 0.0621437520789148
0.273172323015216 0.0614563417270367
0.278409580341131 0.0609352572348342
0.282671751003601 0.0601471627307404
0.28007896209814 0.0578945160617901
0.281391462347174 0.0564610035167555
0.291531002029338 0.0567333663356067
0.288908054501555 0.0544806024574499
0.287252604469152 0.0524398820144444
0.304293882234878 0.053723674803817
0.298686664885389 0.0509438536002463
0.294044329506653 0.0483935149062616
0.311110983217742 0.0493452745588692
0.306450025787435 0.0467801420998314
0.299791100796481 0.0439806307734907
0.31192471666085 0.043908668119725
0.304246611790754 0.0410243734119864
0.313406235900529 0.0404045950191583
0.314628491617209 0.0387028715043196
0.301936548283917 0.0353598757123647
0.291204539638778 0.0323869741372566
0.282437527379188 0.0297496744172155
0.275640170825089 0.0274134315166104
0.269821076714576 0.0252504764427668
0.265978697616198 0.0233309325658256
0.267106583201053 0.0218648853337668
0.270220627390007 0.0205380752007297
0.279313461054903 0.0195956748679657
0.266449528112783 0.0171361888550362
0.266544703625245 0.0155859221520748
0.269626711746789 0.0141928260967996
0.265709086164755 0.0124371029380232
0.269773584617646 0.0110550007935649
0.269833328707248 0.00948550044890355
0.257889099911368 0.00756387115863491
0.259928184231264 0.00611056807819139
0.261959019570212 0.00463379604785446
0.257981824561562 0.00306238402025216
0.260995218963067 0.00157977163554933
0.259999992782852 6.12610561781675E-05
0.2559960123182 -0.00142887269548337
0.256983303996466 -0.00292941411550156
0.258961618680238 -0.00445870502624111
0.257931565408615 -0.00594201698596551
0.265889306540739 -0.0076731132720048
0.263841373823813 -0.00915038025237761
0.267780402993691 -0.0108469245658122
0.267712774031354 -0.0124044596995376
0.271630654243172 -0.0141699567898531
0.273540273894981 -0.0158656407831063
0.263463668443314 -0.0168194949505513
0.268349273903113 -0.0186993902486741
0.289176309817656 -0.0218417453570631
0.341869708935549 -0.0278226906017892
0.395497737913664 -0.0345041925738676
0.453040554692276 -0.0421812257303486
0.46074861401822 -0.0456038888724342
0.461470081208688 -0.0483876445928761
0.477083581117088 -0.0528323445296074
0.474781641263343 -0.0553750225217685
0.490332704481264 -0.0600819350228426
0.486007494449118 -0.0624236761116333
0.513386780227261 -0.0689783581124252
0.507035019781708 -0.0711300830518481
0.516507445181957 -0.0755252214270659
0.522979700795766 -0.0795816094055098
0.534360645487533 -0.0844967487785586
0.53386007400745 -0.087603774923
0.549114936020905 -0.0933905082904985
0.563335153578751 -0.0991841960314505
0.583409005416267 -0.106221148549626
0.575901856257071 -0.108319213252588
0.582133733482456 -0.113001399733705
0.580485987220634 -0.116189580602074
0.576862096306359 -0.118958487906634
0.569312930242944 -0.12085854317421
0.563715363548192 -0.123101538981969
0.56981975688649 -0.127911862865886
0.567117176955588 -0.130775026675295
0.562454425408787 -0.133150363642277
0.560698605217099 -0.136183971551722
0.568630143254563 -0.141618361035198
0.565858834259582 -0.144429151110111
0.555334280833282 -0.145188968352907
0.55641228586796 -0.148934106688803
0.564216757334563 -0.154545950263573
0.547901474176466 -0.153508874646567
0.550844556950547 -0.157795038191812
0.543199306824017 -0.159029912487895
0.543223080631268 -0.162473642999334
0.55183257879894 -0.168552083867603
0.540341414332537 -0.168484883467668
0.537446332059207 -0.171018829829071
0.549758342493844 -0.178465024187994
0.540166941889466 -0.178831414717274
0.536275065959043 -0.181011197528286
0.535213023101608 -0.184127727141887
0.533189171246498 -0.186907216729243
0.535859911833162 -0.191350868537762
0.532858158363572 -0.193781276353991
0.531721887860602 -0.196877713238339
0.528696133408775 -0.199262135185315
0.528461728315786 -0.202692381962156
0.524478958065918 -0.204672476278784
0.525138370484497 -0.208457889860007
0.522989568074035 -0.211134818743224
0.520827423279082 -0.213793814598251
0.52049780886005 -0.217205043615213
0.520146100500374 -0.220619659446421
0.511507317985138 -0.220475086228922
0.512964149075277 -0.224650354469956
0.510734986834195 -0.227224059517198
0.508493270714685 -0.229779445638382
0.5126012100867 -0.235236050420957
0.507598430628568 -0.236524487576688
0.50711789733168 -0.239900892465817
0.509319579977936 -0.244578342154614
0.506090379227129 -0.246660754993048
0.507336013935632 -0.250930605873225
0.502292692107968 -0.25208342161858
0.501708921316314 -0.255454806710738
0.499325933390635 -0.257910085579396
0.498702979068541 -0.261274450852283
0.499823911920078 -0.265578721046906
0.495629533922856 -0.267058729689581
0.496700314591496 -0.271375749625329
0.492489001891317 -0.272806860280481
0.492637560553555 -0.276646405962272
0.493627117196915 -0.280991582023132
0.494582703152536 -0.285357582240828
0.48428189140822 -0.283182007998525
0.48090579220039 -0.284974769107925
0.479239914530032 -0.287767448335019
0.478412126982716 -0.291070157789963
0.475859564370884 -0.293323498882638
0.477538016334271 -0.298205370433749
0.47495012427611 -0.300443637726126
0.474878328354881 -0.304280418789763
0.47310024881565 -0.307037708711112
0.471306159793164 -0.309784608625123
0.471161001863768 -0.31362925616519
0.470157804111698 -0.3169237120079
0.468306256514654 -0.319653328012131
0.469729435640702 -0.324646357276141
0.464555682741668 -0.325080017276397
0.465920676135765 -0.330089266031466
0.459929631621236 -0.329879878071935
0.458002889126306 -0.332549776051581
0.457672169759967 -0.336392902759859
0.45330067199886 -0.33725880383673
0.450532301212444 -0.339288440068652
0.451732199377193 -0.344328360792201
0.450513309881782 -0.347561156660754
0.44848387206627 -0.350175979325318
0.450362274098669 -0.355878942997019
0.445160519560682 -0.355994539037418
0.446968799277372 -0.361723502792594
0.444857036948149 -0.364317466885288
0.441960255270762 -0.366261017255457
0.440588423020188 -0.369468322729545
0.43919420580992 -0.372672040248519
0.432466605684939 -0.371312045276406
0.435583688243713 -0.378412275879105
0.435628287219802 -0.382920351214116
0.428910031411937 -0.381460594235121
0.431143870019533 -0.387962579825142
0.427400843157058 -0.389117616240432
0.427336613642563 -0.393629798974248
0.426502710871071 -0.39747256209659
0.423455749998181 -0.399260851816802
0.42112602512963 -0.401717401861704
0.418782049560378 -0.404160357984314
0.419285922558627 -0.409384068014574
0.418320237931757 -0.413221706274874
0.414494729795192 -0.414234376859298
0.415594077655542 -0.42019348235978
0.413841774613148 -0.42331901160359
0.41137226249643 -0.425719228657302
0.409579520332394 -0.428828189983222
0.40433214369571 -0.428294895573635
0.400469385738059 -0.429177435435021
0.402711782295365 -0.436645417244348
0.399491258455552 -0.438241639301424
0.399612653705139 -0.443529849050474
0.400350987189169 -0.449581012784858
0.400371650509021 -0.454904980703314
0.395093420544271 -0.454208310186667
0.392444537974625 -0.456498942620772
0.3904298543006 -0.459536210619808
0.388393092364687 -0.4625654611008
0.387611415526728 -0.467125668908663
0.387423843651506 -0.472465623479945
0.385298457970476 -0.475488273552117
0.380650825181449 -0.475379794783794
0.380360993351655 -0.480722908479034
0.380637713820453 -0.486866440430575
0.378410424011236 -0.489863808624026
0.374947698858964 -0.491261868172533
0.373287765141565 -0.495031558989542
0.373388887674753 -0.50120428825082
0.374023472807272 -0.508200198533204
0.371060867844965 -0.510367350399829
0.368085706362628 -0.512517231682531
0.363362281958862 -0.512202940297738
0.362098116971455 -0.516764892079296
0.360224040306305 -0.520507099649372
0.360575765682976 -0.527547265372625
0.358060312709324 -0.530464713682731
0.355523100046282 -0.533370720356378
0.352414387415138 -0.535429826908077
0.351473429434368 -0.540824766816059
0.35048155688151 -0.546226764527254
0.345692759687086 -0.545722013391367
0.345163388553382 -0.551963074129372
0.341946696702949 -0.553961602111501
0.342360567235933 -0.561919248648674
0.340631991082987 -0.566472282332366
0.335799970761966 -0.565864276692091
0.3355345103097 -0.572985682535986
0.331695395006281 -0.574061987011531
0.330826625546263 -0.580325549868066
0.327445187506317 -0.582240198868949
0.32599310402283 -0.587632960383912
0.323529266963231 -0.591273890357281
0.320559166727681 -0.594025942722079
0.320856406126234 -0.602942921550421
0.315485040660134 -0.601257173861297
0.315198410115493 -0.609299566929655
0.311648690309744 -0.611122814030226
0.308537532953744 -0.613818858262613
0.307625056860422 -0.620979729453081
0.303568836651401 -0.621860081862564
0.303847282228154 -0.631726071238606
0.302736488414198 -0.638905015305593
0.297323021750968 -0.637030627785567
0.294865257178137 -0.641475237331318
0.294015256006967 -0.649556794464624
0.291859940700471 -0.654909745701129
0.290053978605669 -0.661175233576563
0.285806512794359 -0.661933257394073
0.284297446046633 -0.669106839130614
0.283871597172528 -0.679052955459821
0.279916641513487 -0.680692789592934
0.276327148683726 -0.683236640484336
0.273826127290367 -0.688549382407072
0.270908472334452 -0.692924670954508
0.2690252441172 -0.700089578573829
0.265301430693329 -0.702578216906896
0.262949020092782 -0.708797441327383
0.261902597342514 -0.718771194125951
0.259064506151818 -0.72404874259425
0.254848222998138 -0.725543508850221
0.25420830481814 -0.73741313912995
0.2505551671906 -0.740773992655041
0.248131057504243 -0.74791375057678
0.243776133020504 -0.749344511536296
0.240932077032374 -0.755513556633411
0.237726170139392 -0.760720229802558
0.234175081052416 -0.764958842954374
0.232018451236793 -0.773971212827506
0.228638517333586 -0.779145960903026
0.225758168102856 -0.786229768919266
0.221721516338848 -0.789455235711565
0.219508469166196 -0.799410427730533
0.215372811211441 -0.802605477299327
0.209432539583439 -0.799008142238633
0.205028965091894 -0.801181704405029
0.19988034382017 -0.800420419626043
0.19451090277283 -0.79865481198231
0.188475865234399 -0.793935040305027
0.184304860506285 -0.796966572946293
0.177688906708771 -0.789244988854945
0.17352266682295 -0.79221896221856
0.165995420341802 -0.779521982002784
0.160242522544933 -0.774598821305866
0.155930736308524 -0.776498297148347
0.151984618109355 -0.780336898946957
0.146329934925353 -0.775311905070948
0.140019922122617 -0.766312874359277
0.134341672425001 -0.760221227702867
0.130421937909086 -0.763947064993405
0.124837891481714 -0.757785920198046
0.119173170771857 -0.750598264964809
0.116466460597335 -0.762152585481365
0.109415426217644 -0.745008231166348
0.104800654326673 -0.743651681133514
0.100606733604154 -0.745239750116366
0.0967819339816946 -0.749779472414898
0.0918074822039559 -0.745367282761573
0.0861888305425771 -0.734963594669629
0.0821333628034348 -0.737440242131252
0.077422538570434 -0.733927619402152
0.0728544965586206 -0.731380354077952
0.0692520360472657 -0.738761230373731
0.0649533797323782 -0.739151580165626
0.0601620737384977 -0.733536996260913
0.0553623611987704 -0.726894771588362
0.051764240080146 -0.736182357469211
0.0465801600176775 -0.722500026776973
0.0426106053645513 -0.726751908363828
0.0374332479197144 -0.709012518895246
0.0334020085424413 -0.711216075342318
0.0295519028521017 -0.718392431083332
0.0251959642793753 -0.713555298056172
0.0210446800613589 -0.713689793566585
0.016892683701563 -0.713800138160087
0.0125616827085148 -0.703887920146049
0.00837063465151657 -0.695949662314403
0.0043965678295173 -0.707986348873564
0.000273318553837478 -0.695999946334027
-0.00375914850186633 -0.692989804255835
-0.00786900025514218 -0.699955769199015
-0.0118212083829902 -0.692899169455676
-0.0156000921007024 -0.681821558126795
-0.0196521539747831 -0.684718038935847
-0.0238419499969679 -0.690588561605492
-0.0277378536207461 -0.687440623964364
-0.0319208427878655 -0.691263379469586
-0.0354220995543444 -0.681079492323152
-0.039556682454505 -0.683856906723324
-0.0435341110885027 -0.683615228891029
-0.0472326355037252 -0.679360050447016
-0.0514092545635017 -0.682065311055492
-0.0551331832157478 -0.678764563091282
-0.0583866786740277 -0.670462523750147
-0.0623784211659501 -0.671107243719544
-0.0663796371679729 -0.671728176995314
-0.0698695473595713 -0.667352415408657
-0.073750454012378 -0.666934682358751
-0.0777445562895472 -0.667487665779182
-0.0799255723776071 -0.653127784495586
-0.0851231960955638 -0.663562387034163
-0.0885827759848842 -0.660082640128349
-0.0922823062587635 -0.658565847847855
-0.0951000185898244 -0.651091381039724
-0.0994870356042795 -0.65448172606015
-0.103448601484241 -0.654879673566797
-0.106123963836694 -0.647359022722004
-0.109552928272036 -0.64475899055928
-0.113301734159586 -0.644110795621709
-0.117046705971333 -0.643440804286813
-0.120418335581756 -0.640783445834644
-0.123953426641668 -0.639090406768705
-0.126492340937455 -0.632475049060564
-0.13178390690841 -0.639563915398575
-0.134879594916545 -0.635851786877374
-0.136444216858384 -0.625286314967713
-0.141830283438603 -0.632288044090449
-0.14460781266815 -0.627554444263869
-0.148255944016144 -0.626702620916717
-0.153786003280332 -0.633603870880743
-0.158435238281224 -0.636580140493538
-0.158428269692047 -0.621113100298476
-0.161280325503322 -0.617278427134419
-0.166418884125687 -0.622125996086292
-0.16871492029443 -0.616324813446647
-0.173645498651068 -0.620147757230663
-0.177250052882022 -0.619127142639798
-0.180567788235526 -0.617125816873456
-0.184727444541559 -0.617981206213543
-0.185983466001131 -0.609244737666405
-0.188929333960546 -0.606243108636481
-0.19245274417186 -0.605133820952622
-0.196895482703293 -0.606857618301886
-0.201993040761439 -0.610448860662339
-0.203942400749941 -0.604525844920092
-0.207130401897793 -0.602383595900203
-0.211292374775298 -0.603055994383453
-0.212443849370041 -0.595224000578639
-0.219318944863343 -0.603376499728014
-0.22004852782193 -0.594587794529455
-0.222798552089217 -0.591426077533742
-0.223013492609619 -0.581716410387449
-0.233298111908457 -0.598110350169556
-0.233823013814386 -0.589307049177895
-0.235376110578868 -0.583300168497116
-0.241802032628578 -0.589322303172626
-0.244071206319186 -0.58513694657396
-0.250203234454811 -0.590151964724638
-0.255610412097752 -0.593278448308395
-0.257854224344247 -0.589033274941091
-0.25599394151983 -0.575644944306073
-0.260161518860949 -0.575968735352853
-0.26350761328286 -0.574445591628982
-0.265578122424328 -0.570183532636263
-0.272310382420261 -0.575861142660391
-0.273059202903681 -0.568858217581153
-0.275925738791212 -0.566361180407453
-0.278772478413311 -0.563850073405422
-0.285186608189485 -0.568475679787075
-0.283952705260804 -0.557895027021276
-0.289945910727836 -0.561565106512331
-0.29367164939644 -0.560754814817291
-0.296928675183477 -0.559036995067218
-0.298753019621207 -0.554659024326848
-0.304850446920001 -0.558177574802747
-0.307607869532019 -0.555519935377636
-0.308386694000361 -0.549361126185251
-0.309598924135422 -0.544081341505284
-0.3107602302759 -0.538806161136702
