Nombre d'objet : 3
Nombre de balles : 0

Coordonnées des points (données brutes) (x, y)  : 
-0.170271912176454 0.298903790413862
-0.16804034959987 0.299017459199883
-0.166782911152185 0.300864521915766
-0.163590700918309 0.299197397336702
-0.158999701145092 0.294862841056264
-0.158220745174489 0.29754864442042
-0.154629768506659 0.294921404261503
-0.151533968748929 0.293150910479908
-0.14801002816739 0.290463477156575
-0.144522543280318 0.287745085942034
-0.142402619916731 0.287684712560211
-0.13853470073319 0.284014324802052
-0.136880202946978 0.284815396425815
-0.13436524362378 0.283799191869749
-0.129753518561069 0.278231961537531
-0.128132806222417 0.278982049547222
-0.125683603156869 0.277900399239559
-0.122844578049708 0.275886225904428
-0.121237628103729 0.276596163262945
-0.118438232069559 0.274542137356431
-0.11605764249593 0.273385485383345
-0.1152361650334 0.275901479279099
-0.112869193181816 0.274717209563736
-0.112018499985177 0.277223476028043
-0.109296222247571 0.275082416381726
-0.105875019014415 0.27105623097191
-0.103938045937342 0.270733970175017
-0.0988316843163062 0.261977667321476
-0.0976535704314683 0.263485825391018
-0.0933826925373752 0.256532011130132
-0.0888595254382935 0.248596027198508
-0.0837697391093708 0.238729199742193
-0.0801003208568922 0.232593934999653
-0.0806665643501377 0.238740246703284
-0.0802201785702653 0.242053140756642
-0.0812832564282585 0.250124033680128
-0.0807374449025402 0.253451109665374
-0.0810495740779719 0.259643922597428
-0.078952978324854 0.258198426047943
-0.0777365141976624 0.259611314006914
-0.0756624549329145 0.258139870832703
-0.0733324784712612 0.25569189975684
-0.0723840189197227 0.258039829881027
-0.0700882856194334 0.255563362434698
-0.068859319054519 0.256932664679577
-0.0655908135367429 0.250557069705862
-0.0636369466443825 0.248996664680031
-0.0614614958973067 0.246451789447886
-0.0597904830382153 0.245833476438944
-0.0590514302395562 0.249096223549581
-0.0569263846901094 0.246512447406036
-0.055491421727499 0.2468394257704
-0.0531999630812337 0.24325041403491
-0.0503282627107442 0.236708821070357
-0.0499618132862514 0.241894227324981
-0.0483572588167139 0.241200280927974
-0.0458081390328579 0.235587806132547
-0.0457329911325312 0.242729259715577
-0.0439613567101035 0.241023648458418
-0.0422111256055152 0.239305705897531
-0.0408183343149246 0.239547205334888
-0.0399108797979897 0.242740852914688
-0.038341648139924 0.24198123484666
-0.037084106769331 0.243188751847451
-0.0350888332525892 0.239442631502771
-0.0335561289033406 0.238652438104081
-0.0320338100013349 0.237852548896997
-0.0307773509906909 0.239026681912283
-0.0286547652533142 0.2332464456927
-0.0271812915902938 0.232415957686824
-0.0264911110736644 0.238533479901843
-0.0245800971261278 0.233710972838825
-0.0230225312533585 0.231859791802477
-0.0217663974176335 0.232985458652375
-0.0204979431605983 0.234104323595667
-0.0190543476346667 0.233222923050495
-0.0173191844762175 0.228344139073195
-0.0157810958519271 0.225448346664402
-0.0147894807127444 0.230526075011586
-0.0132153561048402 0.226614991478989
-0.0119492883592741 0.22768665860719
-0.0106245988278033 0.227752317001931
-0.00913639976917644 0.223813596993699
-0.00779931350982615 0.222863569720974
-0.00656107145965106 0.224904318191762
-0.00532269383105313 0.227937861993967
-0.00394406756474883 0.224965429190897
-0.00262363064146184 0.223984634656615
-0.00130884274884578 0.22199614170219
-1.75143790257223E-05 0.222999999312212
0.0012797102715302 0.222996328089996
0.00255378048172924 0.220985244315658
0.00380449722847325 0.218966951389561
0.00519413692481254 0.223939770790287
0.00620670714270594 0.213909973555336
0.00772948856999947 0.221865398398322
0.00897935145035345 0.220817506659982
0.0100779591574889 0.216765852336617
0.0114432526196986 0.218700827546404
0.012599153203899 0.21663393394975
0.0137952650611164 0.215559018975995
0.0149792995464084 0.214477552636864
0.0163021671031832 0.215383934748486
0.0173922672877476 0.213292074486118
0.0186327249181078 0.213187292215381
0.0197796896334369 0.212079616837651
0.0210130538216785 0.211960967088488
0.021932387122324 0.208851551095788
0.0228162662211987 0.205738712924241
0.0245927097849202 0.2105687503535
0.0255736450771359 0.20843701369351
0.026658170610123 0.207292889264735
0.028130210370929 0.209116453834908
0.0285117071190888 0.203007592363328
0.0296921502402725 0.2028383006587
0.0314739610538349 0.206616528321385
0.0320499822670723 0.202479131360939
0.0324168696437021 0.197355381387241
0.0347391197764089 0.204064189796153
0.0359256039166 0.203858654423175
0.036931592775178 0.202662422405064
0.0384798844172826 0.204409634056794
0.0381426103515198 0.196329165626435
0.0394804613183735 0.197084482326967
0.0408283839463883 0.197830844572646
0.0415628759961416 0.195633655946336
0.0439812090936211 0.201250225457422
0.0453703480336879 0.20196665942502
0.0445207788808264 0.192929780614203
0.0463338774029233 0.195586737292718
0.0479431975269468 0.197257318776496
0.0481225737557025 0.193093805947076
0.0499874022493198 0.195717295138587
0.0508719788353761 0.194455757871484
0.0512261426491806 0.191258679043033
0.0528665214760917 0.192886316018058
0.0545275522966006 0.194501275164307
0.0545559326626015 0.19033562517646
0.055662220393091 0.190015044722545
0.0559065241691712 0.186813973126535
0.0569923030712067 0.186485595665295
0.0589696326641022 0.189014767739087
0.0594614129785327 0.186762791708082
0.060237921584362 0.185462645304105
0.0597435671876005 0.180362707286458
0.0617516229765717 0.182854414931003
0.0628142696386236 0.182492102650406
0.0658605354847009 0.187785488964585
0.0639238266826348 0.17892385079203
0.0656473989847204 0.180428431813118
0.0663484931149876 0.179105771714287
0.0709174888572447 0.188073681769094
0.0709355604717362 0.184857096862849
0.0687365333876126 0.17605762970645
0.0723432100225338 0.182160533496242
0.0696566593783856 0.172464343573515
0.0733179312695395 0.178531456484159
0.0735847143672163 0.176256318500913
0.0757806443363627 0.178586936655416
0.0768182290712766 0.178143087663689
0.0778532143145284 0.177693210396166
0.0784789384187875 0.176323725643091
0.077031706505872 0.1703969371579
0.0813594512624471 0.177216364058948
0.081966461247281 0.175833726089729
0.0821323798584365 0.173546167283491
0.0822744869826501 0.171262689432759
0.0832693556016024 0.170781188711444
0.085591849685252 0.172982760029597
0.0821097940892474 0.163545044910023
0.085783041975944 0.168411014216272
0.0867612626096836 0.167909151955376
0.0882007618202185 0.168287330522333
0.0901169401871239 0.169537420917361
0.092999590801313 0.172531377177568
0.0949608586933609 0.173742439594417
0.0906382745318527 0.163565592928001
0.0940371095366303 0.167394808850202
0.0925350791184888 0.162500028100105
0.0949784603187116 0.164557260780213
0.0994685219951218 0.170044150537753
0.098416295307218 0.166021784167026
0.0973207061951614 0.162017530365313
0.100341149069607 0.164865562818288
0.105497400473961 0.17108856914837
0.102782226253341 0.164535145079728
0.102668152829144 0.162244415603902
0.100912033042643 0.157434943983858
0.104548772539978 0.161038983356155
0.112625923168972 0.171290400870384
0.106415240851249 0.15981175336805
0.108461246385711 0.160848245350884
0.110522873980303 0.161866285331857
0.110325230841312 0.159575510150559
0.112398562889438 0.160569496045759
0.110439628168189 0.155833528260359
0.109012449401708 0.15193842790894
0.116358833118539 0.160201816329566
0.110772738824901 0.150659882959035
0.114035452672454 0.153221785441198
0.113119735110314 0.150159666783635
0.117023006501887 0.153475131370718
0.117913814298246 0.152791794274558
0.115722895369274 0.148162787120626
0.124644400611 0.157685679109818
0.12118685139903 0.151491739207091
0.123953670401448 0.153115928609695
0.123574837169083 0.150845151127355
0.124450235121563 0.150123745550755
0.123393399865471 0.147098840476872
0.1248941278719 0.147140942035578
0.124444867941484 0.144894702605122
0.122661853560226 0.141149104429215
0.132065094765891 0.150195907881926
0.131607206596989 0.147930872949961
0.133803551365277 0.148649284028009
0.135339332575811 0.148607755712594
0.134168657761136 0.14561171407059
0.1322858886859 0.141902937441695
0.136539768504704 0.144768406832022
0.1353085485506 0.141801257713498
0.143076604529995 0.148206225362389
0.134154241390012 0.137355886357558
0.138465340001535 0.140129759930785
0.137864161576044 0.137907479684513
0.136530764195946 0.134993890336086
0.134453030994963 0.131401607510211
0.140249745124528 0.135480659108616
0.148268072285139 0.141568282962141
0.1505436151872 0.14207610610644
0.146980080886756 0.137105272774327
0.149980755242273 0.138281499330017
0.152260882768889 0.1387538236534
0.148607241067753 0.133850244311434
0.150877187098461 0.13431334413697
0.15240672716255 0.134093957789305
0.147901979534209 0.128611836352111
0.154714881619007 0.132963549161477
0.163869767344273 0.139182252282875
0.152421633019195 0.127940008549952
0.154702629900914 0.128328080721799
0.15312641875793 0.125524100786944
0.156962182394862 0.127149020042791
0.157699171502361 0.126233796217451
0.159215135156909 0.125934668526848
0.164672461156845 0.128701128730665
0.166209824009135 0.128352227884258
0.162183551434812 0.123743669106713
0.157310914824296 0.118584468110891
0.173236469940821 0.129015989251113
0.166734708958375 0.122672477877339
0.167445492001676 0.121700481545131
0.171399895896639 0.12305720493584
0.177822742599851 0.126107383662762
0.171181852082526 0.119907353892895
0.182567355945405 0.126305821493325
0.177519308394626 0.121292601369967
0.172419309114179 0.116342519504217
0.174757531099722 0.116446577124145
0.180444303157178 0.118725959495471
0.190356206306382 0.12366695080191
0.178446446835312 0.114459012803065
0.182488672627338 0.115559008141781
0.190789384374839 0.119266134379672
0.190628923230475 0.117629135965499
0.187039652416132 0.113917375426457
0.185127940764581 0.111281829371491
0.194372714061689 0.115305021695904
0.188136095001167 0.110130875587692
0.196566963396715 0.113536024683774
0.194617607752448 0.110905305340701
0.193516079517218 0.108791208138736
0.195020190003686 0.108148626856407
0.194768670695027 0.106532459446368
0.197145316549534 0.106347186904893
0.196877758489518 0.104728927293957
0.19836922811305 0.10404638070511
0.207853764628487 0.107484010577227
0.199566289029354 0.101731491107976
0.209090177383675 0.105058544258253
0.211490069621613 0.104727983134621
0.20760215643525 0.101303231159889
0.214496665358202 0.103127011738978
0.206959174689609 0.098024996872206
0.213869485494877 0.0997789716030205
0.211720283840287 0.09728063224809
0.217749102232769 0.0985207007528023
0.221972394195653 0.0988800091780408
0.217048928694007 0.0951775317645075
0.215762640427559 0.093120797868831
0.21538025892997 0.0914731876740883
0.21959947545075 0.0917609414825036
0.214580062625542 0.0882008884514115
0.227141939170162 0.0918234146066164
0.226742972046449 0.0901311523699939
0.229126257104603 0.0895385855664225
0.230576748794432 0.0885627625776744
0.229216872189244 0.0865137301460277
0.237217196215769 0.0879602286236768
0.231147492687886 0.0841833512287527
0.233516486345775 0.0835107813681764
0.245320829850082 0.0861260148948463
0.238254065854903 0.0820914130930126
0.2415695675966 0.0816648272586892
0.240142179662815 0.0796287231267231
0.247258282468013 0.0803949112255754
0.239146783860649 0.0762221474973504
0.243404238897119 0.0760222104842664
0.254361042869501 0.0778232604710169
0.245230146107553 0.0734722766767729
0.249491730410919 0.0731701883048379
0.253757968709772 0.0728209675594235
0.255140078396532 0.07161382824435
0.256516698329657 0.0703930641331343
0.256921845113298 0.0688996770934265
0.258285659807903 0.0676573568623283
0.25479958380163 0.0651626587434574
0.266817268960703 0.0665848705364193
0.268171725315295 0.0652681066173823
0.271465849887396 0.064399474725448
0.266964267409702 0.0616934350348647
0.280977246529937 0.063212237204952
0.27254832601816 0.0596524097141008
0.278759339225004 0.059314676049346
0.276161773817047 0.0570848025504364
0.275508714005421 0.0552806341052554
0.287604658567663 0.055969280593713
0.283994652214113 0.05355406159933
0.287252604469152 0.0524398820144444
0.283613715481051 0.0500725512734605
0.288829019179601 0.0492625382999081
0.291084151692828 0.0479063318702926
0.290370251003225 0.0460555895882779
0.295575992614332 0.0451202015737083
0.294844052928552 0.0432548777904298
0.304993056290609 0.0429329199392867
0.297309392629401 0.0400889642462408
0.311422652129006 0.0401488697342269
0.303710783706202 0.037359869654012
0.317827945562018 0.0372209218024892
0.317045215511161 0.0352609035828834
0.31028348078277 0.0326827409090536
0.31643889647068 0.0314710152428957
0.326573111300299 0.0305614622628321
0.324753016565096 0.0284864569904836
0.332886562646089 0.027249521274172
0.338025065259087 0.0256915405647504
0.34116144171706 0.0239347171601581
0.337303147948017 0.0216930031198586
0.347406580005937 0.0203142356139402
0.350514725270826 0.0184506739258395
0.34861831229887 0.0163178531028951
0.35270398285196 0.0144533899264015
0.365774067803159 0.0128581228307359
0.359845255690281 0.0105542388260022
0.35790111521074 0.00841378219997123
0.37094197046011 0.00656159669371757
0.365974216238495 0.00434431221477632
0.362993350511852 0.00219715365403987
0.369999989729443 8.71791953304691E-05
0.376994127515475 -0.00210423830545793
0.373975703092133 -0.00426303844045752
0.390942057544297 -0.00673109523266515
0.390896287111505 -0.00900514977330431
0.398833959811108 -0.0115096699080072
0.397760859022263 -0.0137948914410844
0.407665688139649 -0.0165132284434753
0.404565945830963 -0.0187455454414653
0.413437834031887 -0.0215675077610264
0.425285243354971 -0.0246670181518368
0.421142682132873 -0.0268857078376236
0.437938034362329 -0.030516848770141
0.438750263171617 -0.0331391998520957
0.448517110848388 -0.0365020722180908
0.451285831926675 -0.0393712827102318
0.459014715853054 -0.0427374616740455
0.464729163599371 -0.0459978749534056
0.466442819152748 -0.0489090631768511
0.471120036353124 -0.0521719402229873
0.477761442359138 -0.0557225645041227
0.484377246532099 -0.0593521949213506
0.48997490256707 -0.062933257141116
0.49951146184274 -0.0671140781634408
0.515947744738809 -0.0723804165429938
0.519475878774957 -0.0759592744237732
0.52396832026797 -0.0797320472304729
0.532385190236193 -0.0841843763246637
0.538794085782011 -0.0884134216413272
0.550100779712145 -0.0935581752712714
0.563335153578751 -0.0991841960314505
0.573570742255791 -0.104429898152499
0.573936320911484 -0.107949523104968
0.580170381936141 -0.112620282028027
0.579505436566545 -0.115993314418625
0.580779665721003 -0.119766355396662
0.575182135709366 -0.122104507536831
0.580323961780981 -0.126728447409514
0.568844038124698 -0.127692835703444
0.572963745790182 -0.132123222826587
0.571212366288855 -0.135223639200721
0.567500841328918 -0.137836116787184
0.559896915798434 -0.139443335012473
0.563920961539515 -0.143934530729597
0.554366799507789 -0.14493602589933
0.555446292316106 -0.148675540531357
0.563252284245102 -0.154281769152011
0.552716074125292 -0.154857810276151
0.557573897087814 -0.159722726267454
0.549917319452582 -0.160996713525732
0.548013407620962 -0.163906391173931
0.552788961084554 -0.168844201863907
0.549888082430285 -0.171461648193246
0.548881360400892 -0.174657528336072
0.5402469524853 -0.175377394011731
0.536369634740859 -0.177574251872161
0.540064995753807 -0.182290428606224
0.533321811005843 -0.183477099130785
0.532245473598275 -0.186576407496094
0.533976397204574 -0.190678282005116
0.536617298810582 -0.195148340031974
0.528908544538588 -0.195836032215914
0.532439114884235 -0.200672840567158
0.527528050350563 -0.202334268213106
0.522615800133179 -0.203945398210298
0.526067818927833 -0.208826841877458
0.52948057335155 -0.213755286351739
0.518977237050738 -0.213034333906961
0.517729203493773 -0.216049697638536
0.515543037664087 -0.218667273079639
0.517017271141172 -0.222850042274476
0.523956237984033 -0.229464290637169
0.511648645129068 -0.227630542629035
0.513960940292262 -0.232250192365676
0.509874607905388 -0.233984794833611
0.513943411011425 -0.239481043671397
0.512541618158757 -0.242466677411976
0.510221030561967 -0.245011224176126
0.505191462034896 -0.246222636422901
0.505543307172609 -0.2500439252871
0.508549006778351 -0.255223250713473
0.49814438191087 -0.253639852488992
0.493995051539489 -0.255156597121253
0.493388204868877 -0.258489998445331
0.497174668570678 -0.264171059981286
0.497390207222759 -0.268007428551711
0.497577876984767 -0.271855212080497
0.494238518771926 -0.27377597878947
0.493509485439491 -0.277136045618842
0.493627117196915 -0.280991582023132
0.489385687007325 -0.282359078749681
0.487734881721291 -0.285201131050208
0.486927868310234 -0.288543326145055
0.480097231013985 -0.288282238045815
0.478412126982716 -0.291070157789963
0.475859564370884 -0.293323498882638
0.478386218849962 -0.29873504249491
0.473259910310715 -0.29937444328582
0.475720311206574 -0.304819923078398
0.47310024881565 -0.307037708711112
0.470470510573673 -0.309235345134653
0.471993441796389 -0.314183371458768
0.467670196682536 -0.315246866970821
0.466654382593967 -0.318525803045598
0.463970931175754 -0.320666454472406
0.464555682741668 -0.325080017276397
0.464288729809545 -0.328933086465681
0.463180017710431 -0.332211184630747
0.461239658660768 -0.334899951147352
0.45606064803546 -0.335208420707888
0.454102974073194 -0.33785572207361
0.454526381896952 -0.342296316310395
0.452527502545111 -0.344934572695004
0.445762730164224 -0.343896188400711
0.450060265289702 -0.351406826352823
0.445654654508787 -0.352158954045831
0.444379536193032 -0.355369987214545
0.441527439981822 -0.357319912323815
0.440988714887731 -0.361149488912372
0.440420324067728 -0.364984846463627
0.442120904491563 -0.370753429939039
0.437669225928636 -0.371378040108767
0.433984032371553 -0.372614894558077
0.436338599315193 -0.379068103047006
0.434877203965975 -0.382260143712023
0.4304044914517 -0.382789725225487
0.430400518519499 -0.387293678825444
0.428140290982589 -0.38979083010936
0.427336613642563 -0.393629798974248
0.422113317620253 -0.393381935385476
0.421272988400252 -0.39720280618888
0.417508103951541 -0.398266221433339
0.419501606346564 -0.404854791589099
0.420001427545928 -0.410082675639172
0.41547452202746 -0.410410674259398
0.414494729795192 -0.414234376859298
0.412781258179024 -0.417349533240594
0.415239888716571 -0.424749143399548
0.406508063446642 -0.420685386426556
0.404053995606156 -0.423042986745674
0.407764504847627 -0.431930675671884
0.407291692139048 -0.436488805715004
0.402711782295365 -0.436645417244348
0.400838615145115 -0.439719688675122
0.401620757492603 -0.445758642261783
0.397690847739407 -0.446593763530473
0.397728933343944 -0.451902307563358
0.39378081781821 -0.452699312478406
0.396355945329854 -0.461048765969152
0.391077333329291 -0.460298293887834
0.390322197128088 -0.464862971669182
0.389527122687486 -0.469434362494702
0.385521598919993 -0.47014582500132
0.385298457970476 -0.475488273552117
0.384401079616734 -0.480063339559989
0.378499520300995 -0.478370267817636
0.38125363245123 -0.487654250204735
0.375965122402117 -0.486698291282352
0.373734275885311 -0.489672023938965
0.375696073303768 -0.498225310983023
0.373388887674753 -0.50120428825082
0.369874242522563 -0.502562478422693
0.368120607402453 -0.506323235103475
0.368085706362628 -0.512517231682531
0.365676691398091 -0.515465379407915
0.362098116971455 -0.516764892079296
0.363069411872705 -0.524618530136334
0.355497233771949 -0.520117022198363
0.356381904993499 -0.527978160337343
0.354968461824681 -0.532538628748957
0.353513964286948 -0.537100434792345
0.350383589343098 -0.539147790794924
0.349941523665976 -0.545385120822282
0.348368400241939 -0.549945867984179
0.346754003247176 -0.554506682765913
0.342997224188979 -0.555663481073442
0.340799652795648 -0.559357306785534
0.343208632467881 -0.570757246646529
0.335289636459896 -0.565004300587695
0.334523864194309 -0.57125982204642
0.332195689719714 -0.57492784219556
0.331817124425143 -0.582063051514377
0.327935374912764 -0.583111815933124
0.325022886451334 -0.585884052763722
0.324009280712435 -0.592151151322203
0.32198387413536 -0.596666058023066
0.318977305651117 -0.599411777061106
0.315485040660134 -0.601257173861297
0.314279464313407 -0.607523183352601
0.312557287074495 -0.612904513196494
0.308986641444215 -0.614712335494436
0.307625056860422 -0.620979729453081
0.306200936391153 -0.627251932283338
0.302980385559885 -0.629923714401977
0.2997390974398 -0.632579223074845
0.298168890945139 -0.638842948206009
0.294865257178137 -0.641475237331318
0.293602892394054 -0.648645775117549
0.292266997800471 -0.655823148414799
0.289652241793195 -0.660259478405404
0.285806512794359 -0.661933257394073
0.285079557314986 -0.670947573213505
0.281557426543404 -0.673517197670747
0.280677284561078 -0.682542498260306
0.276702083756567 -0.684163691556907
0.272717519487572 -0.685761733085586
0.271272596625224 -0.693856021318694
0.2690252441172 -0.700089578573829
0.265654694915291 -0.703513740497983
0.264340284749358 -0.712547692339698
0.260533171996933 -0.715012913372351
0.258727621228343 -0.723107196765129
0.25584242932973 -0.728373977675385
0.251926948236439 -0.730795328906989
0.247991942973817 -0.733195742090795
0.246556621860181 -0.743168104951293
0.244704214745201 -0.752197345971079
0.240020606375253 -0.752655371677673
0.237427893890786 -0.759765750216858
0.229198860580053 -0.748703467541593
0.223116753231421 -0.744276772731401
0.216249238069205 -0.736926229031433
0.209198889268905 -0.728560103717364
0.205497990753079 -0.731690218464377
0.199119865878141 -0.725158795721786
0.195675658802212 -0.729202328954262
0.191430468989705 -0.73032826560553
0.186187125494573 -0.72755436518522
0.183647637109926 -0.735416579486716
0.178893239046545 -0.734529243137015
0.17577222235708 -0.740422261853095
0.172588659104908 -0.746303661218656
0.167585458366863 -0.744368265137606
0.167959671339107 -0.766821067005634
0.166620246265297 -0.782456192725505
0.160850269153827 -0.777536617088315
0.15829332322229 -0.788263422862715
0.151028740008039 -0.775429119708297
0.146515397453775 -0.776294556408173
0.141098381086334 -0.772215155804919
0.134515690135396 -0.761205970225798
0.131431656138059 -0.769861493883677
0.125162990157448 -0.759759321031895
0.121368466022917 -0.764425075108898
0.114955870965722 -0.752267337939454
0.111304404359516 -0.757870259061651
0.106614780167214 -0.75652447987484
0.101677018004199 -0.753167832564412
0.0962698602569237 -0.745812385259264
0.0903405184403773 -0.733457286232759
0.0867711875057026 -0.739929564903883
0.0824654383942843 -0.740421806452537
0.0773176299815852 -0.732933137533043
0.0729536183226459 -0.732375429389622
0.0683187201975721 -0.728804879560069
0.0643406119990539 -0.732178452050856
0.0597533639984264 -0.728553728623272
0.0553623611987704 -0.726894771588362
0.0507822626260511 -0.72221683849283
0.0463871483048971 -0.719506242135633
0.042025294851302 -0.71676905247971
0.038065922532442 -0.720995829073757
0.0334020085424413 -0.711216075342318
0.0293463958781649 -0.71339665618011
0.0252312527447526 -0.714554675224318
0.0211920517704721 -0.718687621252626
0.0167507283763398 -0.707801817671346
0.0125081528106092 -0.700888397759063
0.00839468819936575 -0.697949517665881
0.00433446941384615 -0.697986541686085
0.000275282049195506 -0.700999945948495
-0.00376457295857898 -0.693989789543362
-0.00791396597088585 -0.703955516451581
-0.0118382664037449 -0.693899023957055
-0.0157144622773938 -0.686820249901918
-0.0201685609405439 -0.70271062974
-0.0237729429058045 -0.68858975245468
-0.0276975369730415 -0.686441437010927
-0.0315979440891443 -0.684270830833333
-0.0354220995543444 -0.681079492323152
-0.0396144294361904 -0.684855237974015
-0.0437883248758808 -0.687607142636378
-0.046955204458182 -0.675369683043509
-0.0499812197145155 -0.663119052415062
-0.0540807142263135 -0.665807236629921
-0.0590807253744619 -0.678432360585215
-0.0624709707522497 -0.672102951796279
-0.0649045341197957 -0.656800884173196
-0.070390184821267 -0.672325235195607
-0.073750454012378 -0.666934682358751
-0.0775131736815426 -0.665501095345316
-0.0807758444241774 -0.660075952415751
-0.084614238271375 -0.659594898920356
-0.0884497688137357 -0.659091525053081
-0.0913109135613028 -0.651633575765246
-0.0951000185898244 -0.651091381039724
-0.0988859054797824 -0.650527153697249
-0.103292570411112 -0.653891921419638
-0.105638640831343 -0.644398539386385
-0.109385416149296 -0.643773120543135
-0.113994711126922 -0.64805031119126
-0.11722567646976 -0.644424658727618
-0.120233644883011 -0.639800649138578
-0.124905449887763 -0.643998935238511
-0.128845686815361 -0.644242026717505
-0.13097665479871 -0.635646219132734
-0.134879594916545 -0.635851786877374
-0.137296993213749 -0.629194354436261
-0.144019022380557 -0.642045575635055
-0.144832358961113 -0.628528907686639
-0.147795521829759 -0.624756339485298
-0.15307839897076 -0.63068851564663
-0.154570964176803 -0.621053795603451
-0.159416901640203 -0.624989001080369
-0.165072182686002 -0.631791242819398
-0.165643640876654 -0.619227893620051
-0.168978949903655 -0.617289328021681
-0.171758047578774 -0.613407020739026
-0.177525285883392 -0.620088520190481
-0.178040400841872 -0.608487974957653
-0.185300242819207 -0.619897427008003
-0.187735272588269 -0.614983306624016
-0.188334280940197 -0.604333681522666
-0.193968120110222 -0.60989865418847
-0.197512709921798 -0.608759993280889
-0.200736474411445 -0.606651356085901
-0.203622741814596 -0.603578312247803
-0.207780732829968 -0.604274910173045
-0.209308408814966 -0.597393496783608
-0.215805302682858 -0.604642101853617
-0.219660563157523 -0.604316338512637
-0.22213100600321 -0.600214808357809
-0.224561198862075 -0.596105081311699
-0.226593163438024 -0.591053752448243
-0.230390970327044 -0.590657261693923
-0.231978983736985 -0.584659517244315
-0.236124524285001 -0.58515485901698
-0.24028365251788 -0.585621692163692
-0.241376413820393 -0.578676444009263
-0.247080573182364 -0.582786573589229
-0.252049276325492 -0.585012959090476
-0.253042014869704 -0.578040429996623
-0.255181262340402 -0.573817500038435
-0.259749870888067 -0.575057392417168
-0.260589016300297 -0.568083061341952
-0.268111459045228 -0.575622485252825
-0.268890471809018 -0.568628977603432
-0.274357424153619 -0.571562773290731
-0.276363716154373 -0.5672601664081
-0.276999680458377 -0.560264381364688
-0.281599355256284 -0.561325042305477
-0.286674296685029 -0.563242263701991
-0.286275709326217 -0.554456687442555
-0.292743776886498 -0.558983077645673
-0.29364510373595 -0.552854911393489
-0.298278808478951 -0.553778613177123
-0.299098551695095 -0.547645922447978
-0.303248072955974 -0.54764642448252
-0.305449677867024 -0.544129115459677
-0.311082625049809 -0.546688760074798
-0.3107602302759 -0.538806161136702

Coordonnées des points (filtrage des pics) (x, y)  : 
-0.170271912176454 0.298903790413862
-0.16804034959987 0.299017459199883
-0.166782911152185 0.300864521915766
-0.163590700918309 0.299197397336702
-0.158999701145092 0.294862841056264
-0.158220745174489 0.29754864442042
-0.154629768506659 0.294921404261503
-0.151533968748929 0.293150910479908
-0.14801002816739 0.290463477156575
-0.144522543280318 0.287745085942034
-0.142402619916731 0.287684712560211
-0.13853470073319 0.284014324802052
-0.136880202946978 0.284815396425815
-0.13436524362378 0.283799191869749
-0.129753518561069 0.278231961537531
-0.128132806222417 0.278982049547222
-0.125683603156869 0.277900399239559
-0.122844578049708 0.275886225904428
-0.121237628103729 0.276596163262945
-0.118438232069559 0.274542137356431
-0.11605764249593 0.273385485383345
-0.1152361650334 0.275901479279099
-0.112869193181816 0.274717209563736
-0.112018499985177 0.277223476028043
-0.109296222247571 0.275082416381726
-0.105875019014415 0.27105623097191
-0.103938045937342 0.270733970175017
-0.0988316843163062 0.261977667321476
-0.0976535704314683 0.263485825391018
-0.0933826925373752 0.256532011130132
-0.0888595254382935 0.248596027198508
-0.0837697391093708 0.238729199742193
-0.0801003208568922 0.232593934999653
-0.0806665643501377 0.238740246703284
-0.0802201785702653 0.242053140756642
-0.0812832564282585 0.250124033680128
-0.0807374449025402 0.253451109665374
-0.0810495740779719 0.259643922597428
-0.078952978324854 0.258198426047943
-0.0777365141976624 0.259611314006914
-0.0756624549329145 0.258139870832703
-0.0733324784712612 0.25569189975684
-0.0723840189197227 0.258039829881027
-0.0700882856194334 0.255563362434698
-0.068859319054519 0.256932664679577
-0.0655908135367429 0.250557069705862
-0.0636369466443825 0.248996664680031
-0.0614614958973067 0.246451789447886
-0.0597904830382153 0.245833476438944
-0.0590514302395562 0.249096223549581
-0.0569263846901094 0.246512447406036
-0.055491421727499 0.2468394257704
-0.0531999630812337 0.24325041403491
-0.0503282627107442 0.236708821070357
-0.0499618132862514 0.241894227324981
-0.0483572588167139 0.241200280927974
-0.0458081390328579 0.235587806132547
-0.0457329911325312 0.242729259715577
-0.0439613567101035 0.241023648458418
-0.0422111256055152 0.239305705897531
-0.0408183343149246 0.239547205334888
-0.0399108797979897 0.242740852914688
-0.038341648139924 0.24198123484666
-0.037084106769331 0.243188751847451
-0.0350888332525892 0.239442631502771
-0.0335561289033406 0.238652438104081
-0.0320338100013349 0.237852548896997
-0.0307773509906909 0.239026681912283
-0.0286547652533142 0.2332464456927
-0.0271812915902938 0.232415957686824
-0.0264911110736644 0.238533479901843
-0.0245800971261278 0.233710972838825
-0.0230225312533585 0.231859791802477
-0.0217663974176335 0.232985458652375
-0.0204979431605983 0.234104323595667
-0.0190543476346667 0.233222923050495
-0.0173191844762175 0.228344139073195
-0.0157810958519271 0.225448346664402
-0.0147894807127444 0.230526075011586
-0.0132153561048402 0.226614991478989
-0.0119492883592741 0.22768665860719
-0.0106245988278033 0.227752317001931
-0.00913639976917644 0.223813596993699
-0.00779931350982615 0.222863569720974
-0.00656107145965106 0.224904318191762
-0.00532269383105313 0.227937861993967
-0.00394406756474883 0.224965429190897
-0.00262363064146184 0.223984634656615
-0.00130884274884578 0.22199614170219
-1.75143790257223E-05 0.222999999312212
0.0012797102715302 0.222996328089996
0.00255378048172924 0.220985244315658
0.00380449722847325 0.218966951389561
0.00519413692481254 0.223939770790287
0.00620670714270594 0.213909973555336
0.00772948856999947 0.221865398398322
0.00897935145035345 0.220817506659982
0.0100779591574889 0.216765852336617
0.0114432526196986 0.218700827546404
0.012599153203899 0.21663393394975
0.0137952650611164 0.215559018975995
0.0149792995464084 0.214477552636864
0.0163021671031832 0.215383934748486
0.0173922672877476 0.213292074486118
0.0186327249181078 0.213187292215381
0.0197796896334369 0.212079616837651
0.0210130538216785 0.211960967088488
0.021932387122324 0.208851551095788
0.0228162662211987 0.205738712924241
0.0245927097849202 0.2105687503535
0.0255736450771359 0.20843701369351
0.026658170610123 0.207292889264735
0.028130210370929 0.209116453834908
0.0285117071190888 0.203007592363328
0.0296921502402725 0.2028383006587
0.0314739610538349 0.206616528321385
0.0320499822670723 0.202479131360939
0.0324168696437021 0.197355381387241
0.0347391197764089 0.204064189796153
0.0359256039166 0.203858654423175
0.036931592775178 0.202662422405064
0.0384798844172826 0.204409634056794
0.0381426103515198 0.196329165626435
0.0394804613183735 0.197084482326967
0.0408283839463883 0.197830844572646
0.0415628759961416 0.195633655946336
0.0439812090936211 0.201250225457422
0.0453703480336879 0.20196665942502
0.0445207788808264 0.192929780614203
0.0463338774029233 0.195586737292718
0.0479431975269468 0.197257318776496
0.0481225737557025 0.193093805947076
0.0499874022493198 0.195717295138587
0.0508719788353761 0.194455757871484
0.0512261426491806 0.191258679043033
0.0528665214760917 0.192886316018058
0.0545275522966006 0.194501275164307
0.0545559326626015 0.19033562517646
0.055662220393091 0.190015044722545
0.0559065241691712 0.186813973126535
0.0569923030712067 0.186485595665295
0.0589696326641022 0.189014767739087
0.0594614129785327 0.186762791708082
0.060237921584362 0.185462645304105
0.0597435671876005 0.180362707286458
0.0617516229765717 0.182854414931003
0.0628142696386236 0.182492102650406
0.0658605354847009 0.187785488964585
0.0639238266826348 0.17892385079203
0.0656473989847204 0.180428431813118
0.0663484931149876 0.179105771714287
0.0709174888572447 0.188073681769094
0.0709355604717362 0.184857096862849
0.0687365333876126 0.17605762970645
0.0723432100225338 0.182160533496242
0.0696566593783856 0.172464343573515
0.0733179312695395 0.178531456484159
0.0735847143672163 0.176256318500913
0.0757806443363627 0.178586936655416
0.0768182290712766 0.178143087663689
0.0778532143145284 0.177693210396166
0.0784789384187875 0.176323725643091
0.077031706505872 0.1703969371579
0.0813594512624471 0.177216364058948
0.081966461247281 0.175833726089729
0.0821323798584365 0.173546167283491
0.0822744869826501 0.171262689432759
0.0832693556016024 0.170781188711444
0.085591849685252 0.172982760029597
0.0821097940892474 0.163545044910023
0.085783041975944 0.168411014216272
0.0867612626096836 0.167909151955376
0.0882007618202185 0.168287330522333
0.0901169401871239 0.169537420917361
0.092999590801313 0.172531377177568
0.0949608586933609 0.173742439594417
0.0906382745318527 0.163565592928001
0.0940371095366303 0.167394808850202
0.0925350791184888 0.162500028100105
0.0949784603187116 0.164557260780213
0.0994685219951218 0.170044150537753
0.098416295307218 0.166021784167026
0.0973207061951614 0.162017530365313
0.100341149069607 0.164865562818288
0.105497400473961 0.17108856914837
0.102782226253341 0.164535145079728
0.102668152829144 0.162244415603902
0.100912033042643 0.157434943983858
0.104548772539978 0.161038983356155
0.112625923168972 0.171290400870384
0.106415240851249 0.15981175336805
0.108461246385711 0.160848245350884
0.110522873980303 0.161866285331857
0.110325230841312 0.159575510150559
0.112398562889438 0.160569496045759
0.110439628168189 0.155833528260359
0.109012449401708 0.15193842790894
0.116358833118539 0.160201816329566
0.110772738824901 0.150659882959035
0.114035452672454 0.153221785441198
0.113119735110314 0.150159666783635
0.117023006501887 0.153475131370718
0.117913814298246 0.152791794274558
0.115722895369274 0.148162787120626
0.124644400611 0.157685679109818
0.12118685139903 0.151491739207091
0.123953670401448 0.153115928609695
0.123574837169083 0.150845151127355
0.124450235121563 0.150123745550755
0.123393399865471 0.147098840476872
0.1248941278719 0.147140942035578
0.124444867941484 0.144894702605122
0.122661853560226 0.141149104429215
0.132065094765891 0.150195907881926
0.131607206596989 0.147930872949961
0.133803551365277 0.148649284028009
0.135339332575811 0.148607755712594
0.134168657761136 0.14561171407059
0.1322858886859 0.141902937441695
0.136539768504704 0.144768406832022
0.1353085485506 0.141801257713498
0.143076604529995 0.148206225362389
0.134154241390012 0.137355886357558
0.138465340001535 0.140129759930785
0.137864161576044 0.137907479684513
0.136530764195946 0.134993890336086
0.134453030994963 0.131401607510211
0.140249745124528 0.135480659108616
0.148268072285139 0.141568282962141
0.1505436151872 0.14207610610644
0.146980080886756 0.137105272774327
0.149980755242273 0.138281499330017
0.152260882768889 0.1387538236534
0.148607241067753 0.133850244311434
0.150877187098461 0.13431334413697
0.15240672716255 0.134093957789305
0.147901979534209 0.128611836352111
0.154714881619007 0.132963549161477
0.163869767344273 0.139182252282875
0.152421633019195 0.127940008549952
0.154702629900914 0.128328080721799
0.15312641875793 0.125524100786944
0.156962182394862 0.127149020042791
0.157699171502361 0.126233796217451
0.159215135156909 0.125934668526848
0.164672461156845 0.128701128730665
0.166209824009135 0.128352227884258
0.162183551434812 0.123743669106713
0.157310914824296 0.118584468110891
0.173236469940821 0.129015989251113
0.166734708958375 0.122672477877339
0.167445492001676 0.121700481545131
0.171399895896639 0.12305720493584
0.177822742599851 0.126107383662762
0.171181852082526 0.119907353892895
0.182567355945405 0.126305821493325
0.177519308394626 0.121292601369967
0.172419309114179 0.116342519504217
0.174757531099722 0.116446577124145
0.180444303157178 0.118725959495471
0.190356206306382 0.12366695080191
0.178446446835312 0.114459012803065
0.182488672627338 0.115559008141781
0.190789384374839 0.119266134379672
0.190628923230475 0.117629135965499
0.187039652416132 0.113917375426457
0.185127940764581 0.111281829371491
0.194372714061689 0.115305021695904
0.188136095001167 0.110130875587692
0.196566963396715 0.113536024683774
0.194617607752448 0.110905305340701
0.193516079517218 0.108791208138736
0.195020190003686 0.108148626856407
0.194768670695027 0.106532459446368
0.197145316549534 0.106347186904893
0.196877758489518 0.104728927293957
0.19836922811305 0.10404638070511
0.207853764628487 0.107484010577227
0.199566289029354 0.101731491107976
0.209090177383675 0.105058544258253
0.211490069621613 0.104727983134621
0.20760215643525 0.101303231159889
0.214496665358202 0.103127011738978
0.206959174689609 0.098024996872206
0.213869485494877 0.0997789716030205
0.211720283840287 0.09728063224809
0.217749102232769 0.0985207007528023
0.221972394195653 0.0988800091780408
0.217048928694007 0.0951775317645075
0.215762640427559 0.093120797868831
0.21538025892997 0.0914731876740883
0.21959947545075 0.0917609414825036
0.214580062625542 0.0882008884514115
0.227141939170162 0.0918234146066164
0.226742972046449 0.0901311523699939
0.229126257104603 0.0895385855664225
0.230576748794432 0.0885627625776744
0.229216872189244 0.0865137301460277
0.237217196215769 0.0879602286236768
0.231147492687886 0.0841833512287527
0.233516486345775 0.0835107813681764
0.245320829850082 0.0861260148948463
0.238254065854903 0.0820914130930126
0.2415695675966 0.0816648272586892
0.240142179662815 0.0796287231267231
0.247258282468013 0.0803949112255754
0.239146783860649 0.0762221474973504
0.243404238897119 0.0760222104842664
0.254361042869501 0.0778232604710169
0.245230146107553 0.0734722766767729
0.249491730410919 0.0731701883048379
0.253757968709772 0.0728209675594235
0.255140078396532 0.07161382824435
0.256516698329657 0.0703930641331343
0.256921845113298 0.0688996770934265
0.258285659807903 0.0676573568623283
0.25479958380163 0.0651626587434574
0.266817268960703 0.0665848705364193
0.268171725315295 0.0652681066173823
0.271465849887396 0.064399474725448
0.266964267409702 0.0616934350348647
0.280977246529937 0.063212237204952
0.27254832601816 0.0596524097141008
0.278759339225004 0.059314676049346
0.276161773817047 0.0570848025504364
0.275508714005421 0.0552806341052554
0.287604658567663 0.055969280593713
0.283994652214113 0.05355406159933
0.287252604469152 0.0524398820144444
0.283613715481051 0.0500725512734605
0.288829019179601 0.0492625382999081
0.291084151692828 0.0479063318702926
0.290370251003225 0.0460555895882779
0.295575992614332 0.0451202015737083
0.294844052928552 0.0432548777904298
0.304993056290609 0.0429329199392867
0.297309392629401 0.0400889642462408
0.311422652129006 0.0401488697342269
0.303710783706202 0.037359869654012
0.317827945562018 0.0372209218024892
0.317045215511161 0.0352609035828834
0.31028348078277 0.0326827409090536
0.31643889647068 0.0314710152428957
0.326573111300299 0.0305614622628321
0.324753016565096 0.0284864569904836
0.332886562646089 0.027249521274172
0.338025065259087 0.0256915405647504
0.34116144171706 0.0239347171601581
0.337303147948017 0.0216930031198586
0.347406580005937 0.0203142356139402
0.350514725270826 0.0184506739258395
0.34861831229887 0.0163178531028951
0.35270398285196 0.0144533899264015
0.365774067803159 0.0128581228307359
0.359845255690281 0.0105542388260022
0.35790111521074 0.00841378219997123
0.37094197046011 0.00656159669371757
0.365974216238495 0.00434431221477632
0.362993350511852 0.00219715365403987
0.369999989729443 8.71791953304691E-05
0.376994127515475 -0.00210423830545793
0.373975703092133 -0.00426303844045752
0.390942057544297 -0.00673109523266515
0.390896287111505 -0.00900514977330431
0.398833959811108 -0.0115096699080072
0.397760859022263 -0.0137948914410844
0.407665688139649 -0.0165132284434753
0.404565945830963 -0.0187455454414653
0.413437834031887 -0.0215675077610264
0.425285243354971 -0.0246670181518368
0.421142682132873 -0.0268857078376236
0.437938034362329 -0.030516848770141
0.438750263171617 -0.0331391998520957
0.448517110848388 -0.0365020722180908
0.451285831926675 -0.0393712827102318
0.459014715853054 -0.0427374616740455
0.464729163599371 -0.0459978749534056
0.466442819152748 -0.0489090631768511
0.471120036353124 -0.0521719402229873
0.477761442359138 -0.0557225645041227
0.484377246532099 -0.0593521949213506
0.48997490256707 -0.062933257141116
0.49951146184274 -0.0671140781634408
0.515947744738809 -0.0723804165429938
0.519475878774957 -0.0759592744237732
0.52396832026797 -0.0797320472304729
0.532385190236193 -0.0841843763246637
0.538794085782011 -0.0884134216413272
0.550100779712145 -0.0935581752712714
0.563335153578751 -0.0991841960314505
0.573570742255791 -0.104429898152499
0.573936320911484 -0.107949523104968
0.580170381936141 -0.112620282028027
0.579505436566545 -0.115993314418625
0.580779665721003 -0.119766355396662
0.575182135709366 -0.122104507536831
0.580323961780981 -0.126728447409514
0.568844038124698 -0.127692835703444
0.572963745790182 -0.132123222826587
0.571212366288855 -0.135223639200721
0.567500841328918 -0.137836116787184
0.559896915798434 -0.139443335012473
0.563920961539515 -0.143934530729597
0.554366799507789 -0.14493602589933
0.555446292316106 -0.148675540531357
0.563252284245102 -0.154281769152011
0.552716074125292 -0.154857810276151
0.557573897087814 -0.159722726267454
0.549917319452582 -0.160996713525732
0.548013407620962 -0.163906391173931
0.552788961084554 -0.168844201863907
0.549888082430285 -0.171461648193246
0.548881360400892 -0.174657528336072
0.5402469524853 -0.175377394011731
0.536369634740859 -0.177574251872161
0.540064995753807 -0.182290428606224
0.533321811005843 -0.183477099130785
0.532245473598275 -0.186576407496094
0.533976397204574 -0.190678282005116
0.536617298810582 -0.195148340031974
0.528908544538588 -0.195836032215914
0.532439114884235 -0.200672840567158
0.527528050350563 -0.202334268213106
0.522615800133179 -0.203945398210298
0.526067818927833 -0.208826841877458
0.52948057335155 -0.213755286351739
0.518977237050738 -0.213034333906961
0.517729203493773 -0.216049697638536
0.515543037664087 -0.218667273079639
0.517017271141172 -0.222850042274476
0.523956237984033 -0.229464290637169
0.511648645129068 -0.227630542629035
0.513960940292262 -0.232250192365676
0.509874607905388 -0.233984794833611
0.513943411011425 -0.239481043671397
0.512541618158757 -0.242466677411976
0.510221030561967 -0.245011224176126
0.505191462034896 -0.246222636422901
0.505543307172609 -0.2500439252871
0.508549006778351 -0.255223250713473
0.49814438191087 -0.253639852488992
0.493995051539489 -0.255156597121253
0.493388204868877 -0.258489998445331
0.497174668570678 -0.264171059981286
0.497390207222759 -0.268007428551711
0.497577876984767 -0.271855212080497
0.494238518771926 -0.27377597878947
0.493509485439491 -0.277136045618842
0.493627117196915 -0.280991582023132
0.489385687007325 -0.282359078749681
0.487734881721291 -0.285201131050208
0.486927868310234 -0.288543326145055
0.480097231013985 -0.288282238045815
0.478412126982716 -0.291070157789963
0.475859564370884 -0.293323498882638
0.478386218849962 -0.29873504249491
0.473259910310715 -0.29937444328582
0.475720311206574 -0.304819923078398
0.47310024881565 -0.307037708711112
0.470470510573673 -0.309235345134653
0.471993441796389 -0.314183371458768
0.467670196682536 -0.315246866970821
0.466654382593967 -0.318525803045598
0.463970931175754 -0.320666454472406
0.464555682741668 -0.325080017276397
0.464288729809545 -0.328933086465681
0.463180017710431 -0.332211184630747
0.461239658660768 -0.334899951147352
0.45606064803546 -0.335208420707888
0.454102974073194 -0.33785572207361
0.454526381896952 -0.342296316310395
0.452527502545111 -0.344934572695004
0.445762730164224 -0.343896188400711
0.450060265289702 -0.351406826352823
0.445654654508787 -0.352158954045831
0.444379536193032 -0.355369987214545
0.441527439981822 -0.357319912323815
0.440988714887731 -0.361149488912372
0.440420324067728 -0.364984846463627
0.442120904491563 -0.370753429939039
0.437669225928636 -0.371378040108767
0.433984032371553 -0.372614894558077
0.436338599315193 -0.379068103047006
0.434877203965975 -0.382260143712023
0.4304044914517 -0.382789725225487
0.430400518519499 -0.387293678825444
0.428140290982589 -0.38979083010936
0.427336613642563 -0.393629798974248
0.422113317620253 -0.393381935385476
0.421272988400252 -0.39720280618888
0.417508103951541 -0.398266221433339
0.419501606346564 -0.404854791589099
0.420001427545928 -0.410082675639172
0.41547452202746 -0.410410674259398
0.414494729795192 -0.414234376859298
0.412781258179024 -0.417349533240594
0.415239888716571 -0.424749143399548
0.406508063446642 -0.420685386426556
0.404053995606156 -0.423042986745674
0.407764504847627 -0.431930675671884
0.407291692139048 -0.436488805715004
0.402711782295365 -0.436645417244348
0.400838615145115 -0.439719688675122
0.401620757492603 -0.445758642261783
0.397690847739407 -0.446593763530473
0.397728933343944 -0.451902307563358
0.39378081781821 -0.452699312478406
0.396355945329854 -0.461048765969152
0.391077333329291 -0.460298293887834
0.390322197128088 -0.464862971669182
0.389527122687486 -0.469434362494702
0.385521598919993 -0.47014582500132
0.385298457970476 -0.475488273552117
0.384401079616734 -0.480063339559989
0.378499520300995 -0.478370267817636
0.38125363245123 -0.487654250204735
0.375965122402117 -0.486698291282352
0.373734275885311 -0.489672023938965
0.375696073303768 -0.498225310983023
0.373388887674753 -0.50120428825082
0.369874242522563 -0.502562478422693
0.368120607402453 -0.506323235103475
0.368085706362628 -0.512517231682531
0.365676691398091 -0.515465379407915
0.362098116971455 -0.516764892079296
0.363069411872705 -0.524618530136334
0.355497233771949 -0.520117022198363
0.356381904993499 -0.527978160337343
0.354968461824681 -0.532538628748957
0.353513964286948 -0.537100434792345
0.350383589343098 -0.539147790794924
0.349941523665976 -0.545385120822282
0.348368400241939 -0.549945867984179
0.346754003247176 -0.554506682765913
0.342997224188979 -0.555663481073442
0.340799652795648 -0.559357306785534
0.343208632467881 -0.570757246646529
0.335289636459896 -0.565004300587695
0.334523864194309 -0.57125982204642
0.332195689719714 -0.57492784219556
0.331817124425143 -0.582063051514377
0.327935374912764 -0.583111815933124
0.325022886451334 -0.585884052763722
0.324009280712435 -0.592151151322203
0.32198387413536 -0.596666058023066
0.318977305651117 -0.599411777061106
0.315485040660134 -0.601257173861297
0.314279464313407 -0.607523183352601
0.312557287074495 -0.612904513196494
0.308986641444215 -0.614712335494436
0.307625056860422 -0.620979729453081
0.306200936391153 -0.627251932283338
0.302980385559885 -0.629923714401977
0.2997390974398 -0.632579223074845
0.298168890945139 -0.638842948206009
0.294865257178137 -0.641475237331318
0.293602892394054 -0.648645775117549
0.292266997800471 -0.655823148414799
0.289652241793195 -0.660259478405404
0.285806512794359 -0.661933257394073
0.285079557314986 -0.670947573213505
0.281557426543404 -0.673517197670747
0.280677284561078 -0.682542498260306
0.276702083756567 -0.684163691556907
0.272717519487572 -0.685761733085586
0.271272596625224 -0.693856021318694
0.2690252441172 -0.700089578573829
0.265654694915291 -0.703513740497983
0.264340284749358 -0.712547692339698
0.260533171996933 -0.715012913372351
0.258727621228343 -0.723107196765129
0.25584242932973 -0.728373977675385
0.251926948236439 -0.730795328906989
0.247991942973817 -0.733195742090795
0.246556621860181 -0.743168104951293
0.244704214745201 -0.752197345971079
0.240020606375253 -0.752655371677673
0.237427893890786 -0.759765750216858
0.229198860580053 -0.748703467541593
0.223116753231421 -0.744276772731401
0.216249238069205 -0.736926229031433
0.209198889268905 -0.728560103717364
0.205497990753079 -0.731690218464377
0.199119865878141 -0.725158795721786
0.195675658802212 -0.729202328954262
0.191430468989705 -0.73032826560553
0.186187125494573 -0.72755436518522
0.183647637109926 -0.735416579486716
0.178893239046545 -0.734529243137015
0.17577222235708 -0.740422261853095
0.172588659104908 -0.746303661218656
0.167585458366863 -0.744368265137606
0.167959671339107 -0.766821067005634
0.166620246265297 -0.782456192725505
0.160850269153827 -0.777536617088315
0.15829332322229 -0.788263422862715
0.151028740008039 -0.775429119708297
0.146515397453775 -0.776294556408173
0.141098381086334 -0.772215155804919
0.134515690135396 -0.761205970225798
0.131431656138059 -0.769861493883677
0.125162990157448 -0.759759321031895
0.121368466022917 -0.764425075108898
0.114955870965722 -0.752267337939454
0.111304404359516 -0.757870259061651
0.106614780167214 -0.75652447987484
0.101677018004199 -0.753167832564412
0.0962698602569237 -0.745812385259264
0.0903405184403773 -0.733457286232759
0.0867711875057026 -0.739929564903883
0.0824654383942843 -0.740421806452537
0.0773176299815852 -0.732933137533043
0.0729536183226459 -0.732375429389622
0.0683187201975721 -0.728804879560069
0.0643406119990539 -0.732178452050856
0.0597533639984264 -0.728553728623272
0.0553623611987704 -0.726894771588362
0.0507822626260511 -0.72221683849283
0.0463871483048971 -0.719506242135633
0.042025294851302 -0.71676905247971
0.038065922532442 -0.720995829073757
0.0334020085424413 -0.711216075342318
0.0293463958781649 -0.71339665618011
0.0252312527447526 -0.714554675224318
0.0211920517704721 -0.718687621252626
0.0167507283763398 -0.707801817671346
0.0125081528106092 -0.700888397759063
0.00839468819936575 -0.697949517665881
0.00433446941384615 -0.697986541686085
0.000275282049195506 -0.700999945948495
-0.00376457295857898 -0.693989789543362
-0.00791396597088585 -0.703955516451581
-0.0118382664037449 -0.693899023957055
-0.0157144622773938 -0.686820249901918
-0.0201685609405439 -0.70271062974
-0.0237729429058045 -0.68858975245468
-0.0276975369730415 -0.686441437010927
-0.0315979440891443 -0.684270830833333
-0.0354220995543444 -0.681079492323152
-0.0396144294361904 -0.684855237974015
-0.0437883248758808 -0.687607142636378
-0.046955204458182 -0.675369683043509
-0.0499812197145155 -0.663119052415062
-0.0540807142263135 -0.665807236629921
-0.0590807253744619 -0.678432360585215
-0.0624709707522497 -0.672102951796279
-0.0649045341197957 -0.656800884173196
-0.070390184821267 -0.672325235195607
-0.073750454012378 -0.666934682358751
-0.0775131736815426 -0.665501095345316
-0.0807758444241774 -0.660075952415751
-0.084614238271375 -0.659594898920356
-0.0884497688137357 -0.659091525053081
-0.0913109135613028 -0.651633575765246
-0.0951000185898244 -0.651091381039724
-0.0988859054797824 -0.650527153697249
-0.103292570411112 -0.653891921419638
-0.105638640831343 -0.644398539386385
-0.109385416149296 -0.643773120543135
-0.113994711126922 -0.64805031119126
-0.11722567646976 -0.644424658727618
-0.120233644883011 -0.639800649138578
-0.124905449887763 -0.643998935238511
-0.128845686815361 -0.644242026717505
-0.13097665479871 -0.635646219132734
-0.134879594916545 -0.635851786877374
-0.137296993213749 -0.629194354436261
-0.144019022380557 -0.642045575635055
-0.144832358961113 -0.628528907686639
-0.147795521829759 -0.624756339485298
-0.15307839897076 -0.63068851564663
-0.154570964176803 -0.621053795603451
-0.159416901640203 -0.624989001080369
-0.165072182686002 -0.631791242819398
-0.165643640876654 -0.619227893620051
-0.168978949903655 -0.617289328021681
-0.171758047578774 -0.613407020739026
-0.177525285883392 -0.620088520190481
-0.178040400841872 -0.608487974957653
-0.185300242819207 -0.619897427008003
-0.187735272588269 -0.614983306624016
-0.188334280940197 -0.604333681522666
-0.193968120110222 -0.60989865418847
-0.197512709921798 -0.608759993280889
-0.200736474411445 -0.606651356085901
-0.203622741814596 -0.603578312247803
-0.207780732829968 -0.604274910173045
-0.209308408814966 -0.597393496783608
-0.215805302682858 -0.604642101853617
-0.219660563157523 -0.604316338512637
-0.22213100600321 -0.600214808357809
-0.224561198862075 -0.596105081311699
-0.226593163438024 -0.591053752448243
-0.230390970327044 -0.590657261693923
-0.231978983736985 -0.584659517244315
-0.236124524285001 -0.58515485901698
-0.24028365251788 -0.585621692163692
-0.241376413820393 -0.578676444009263
-0.247080573182364 -0.582786573589229
-0.252049276325492 -0.585012959090476
-0.253042014869704 -0.578040429996623
-0.255181262340402 -0.573817500038435
-0.259749870888067 -0.575057392417168
-0.260589016300297 -0.568083061341952
-0.268111459045228 -0.575622485252825
-0.268890471809018 -0.568628977603432
-0.274357424153619 -0.571562773290731
-0.276363716154373 -0.5672601664081
-0.276999680458377 -0.560264381364688
-0.281599355256284 -0.561325042305477
-0.286674296685029 -0.563242263701991
-0.286275709326217 -0.554456687442555
-0.292743776886498 -0.558983077645673
-0.29364510373595 -0.552854911393489
-0.298278808478951 -0.553778613177123
-0.299098551695095 -0.547645922447978
-0.303248072955974 -0.54764642448252
-0.305449677867024 -0.544129115459677
-0.311082625049809 -0.546688760074798
-0.3107602302759 -0.538806161136702
