Nombre d'objet : 6
Nombre de balles : 1

Coordonnées des points (données brutes) (x, y)  : 
-0.171261865154224 0.300641603148827
-0.169510090266924 0.301632772254109
-0.165328409020044 0.298240703410686
-0.162151486540728 0.296565162169517
-0.159948953092226 0.296623216226749
-0.156342754133842 0.294016909768545
-0.15416541484748 0.294035754398856
-0.150615581059541 0.291374238295181
-0.14801002816739 0.290463477156575
-0.144971371054481 0.288638704221357
-0.141071754310033 0.284996070386751
-0.139411502636565 0.285811883819786
-0.136447037747779 0.283914081880164
-0.133937328835169 0.282895372787361
-0.132289417946628 0.283669719743476
-0.12938491833534 0.281708258500452
-0.125683603156869 0.277900399239559
-0.12487842867967 0.28045387865119
-0.122040526303091 0.278427925933561
-0.118834346558086 0.275460338484713
-0.115276109549829 0.271544505683793
-0.1152361650334 0.275901479279099
-0.113629255088764 0.276567157102886
-0.111643856172517 0.276296307211896
-0.109665466241651 0.276011748869503
-0.106238850694877 0.271987695683153
-0.102862824772473 0.267933273931827
-0.0984787140151765 0.261042032795328
-0.0976535704314683 0.263485825391018
-0.092014447958073 0.252773300344342
-0.0891961145498022 0.249537678816684
-0.0844319504857294 0.240616387091934
-0.0810771540380738 0.235430446402088
-0.0790660372796984 0.234003337046473
-0.0808493564414046 0.243951596762576
-0.0800470091822014 0.246319865867503
-0.0789162995287987 0.247734167342095
-0.0792617158262519 0.253916483128367
-0.0792453967630942 0.259154716514787
-0.077449663591767 0.258653338678475
-0.076787547199575 0.261978381923152
-0.0749865945270039 0.261459386217521
-0.0721139292968879 0.257076994694904
-0.0695593174260792 0.253634582340851
-0.0678238405724961 0.253069015586651
-0.0660973063053664 0.252491873332934
-0.0641321758011481 0.250934381914896
-0.0617034702906032 0.247422072083508
-0.0600268090581292 0.246805150258861
-0.0588207605901829 0.24812319142634
-0.0571513901631929 0.247486804905665
-0.0559300890929338 0.248790725578862
-0.053840926491851 0.246181141914849
-0.0524079429880476 0.246490177312934
-0.0509731860248394 0.246790871602815
-0.0491435557080426 0.24512223671542
-0.0471442097546496 0.242459117144746
-0.0462884525632907 0.24567738837609
-0.044499659037166 0.243974958439541
-0.0430796672846411 0.244229691615587
-0.0409863109993482 0.240532996303344
-0.0397486404492174 0.241754101480076
-0.0381851516169039 0.240993556337081
-0.0361796163603229 0.237257318875561
-0.0347988428951298 0.237463766779608
-0.0334168918539491 0.237662179024811
-0.0325677068346905 0.24181675804528
-0.0303942304389395 0.236051246037856
-0.0292644411097677 0.238209136026587
-0.0278782477849167 0.238375341217255
-0.0262703518147172 0.236545700902661
-0.0244755009681443 0.232716458060788
-0.0230225312533585 0.231859791802477
-0.0219524350023996 0.234976787358806
-0.0200618167103728 0.22912338054044
-0.0186472034544388 0.228239527258818
-0.0173948141027512 0.229341275051681
-0.0162000629984385 0.231433701000625
-0.0147894807127444 0.230526075011586
-0.0133900083881641 0.22960990326065
-0.0121065158376856 0.230682535694126
-0.0105779997101375 0.22675340333087
-0.00925876226608506 0.226811100524864
-0.00804413501013459 0.229859287156162
-0.00656107145965106 0.224904318191762
-0.00532269383105313 0.227937861993967
-0.0039090091863955 0.222965736486978
-0.00268219382542304 0.2289842916802
-0.00131473843690364 0.22299612432247
-1.767145865824E-05 0.224999999306043
0.00126823304936401 0.220996361021924
0.00255378048172924 0.220985244315658
0.00380449722847325 0.218966951389561
0.00514776070226957 0.221940308551088
0.00629371705592144 0.216908711502374
0.00762503602175623 0.218867217338885
0.00881682925215701 0.21682080970686
0.0100779591574889 0.216765852336617
0.0113910003246315 0.217702193630667
0.0123669107485276 0.212640681711045
0.0137313980932409 0.21456106055481
0.0148399572250465 0.212482412612335
0.0163776400990313 0.216381082594543
0.0173922672877476 0.213292074486118
0.0187197937261364 0.214183494515453
0.0198725520260822 0.213075295789941
0.0212103594913656 0.213951210910915
0.0222457069383572 0.211835144682871
0.0235878307794035 0.212696060704288
0.0248247164810044 0.212555247998344
0.0253300865525917 0.206451899277382
0.0270408237767755 0.210268385282889
0.028130210370929 0.209116453834908
0.0285117071190888 0.203007592363328
0.0298369899975421 0.203827755783864
0.0308715885934744 0.202662145004229
0.0326753477747224 0.206429943680177
0.0330652070365762 0.201302489014985
0.0347391197764089 0.204064189796153
0.0360991575587092 0.204843478840678
0.0367523131985995 0.201678624238049
0.0382948849729688 0.203426895431521
0.0387147495067926 0.199274103110831
0.0402661421406297 0.201006561577254
0.0412326253716 0.199789565806038
0.0423941335160644 0.199546329065263
0.0444082111236562 0.203204111141475
0.0451511676084044 0.200990975079972
0.0456450409737765 0.197801744771128
0.045872843796924 0.193640600603239
0.0469985039796178 0.193370475056762
0.0478807517770306 0.192123485314176
0.0502348646366927 0.196686192639273
0.0511250732574427 0.195423199452934
0.0512261426491806 0.191258679043033
0.0526021888687112 0.191921884437967
0.0542576139188947 0.193538397564484
0.0540048626357065 0.18841304310397
0.0565055873687439 0.192894060551675
0.0556198240452267 0.185855952751527
0.0572845712920847 0.187441932053322
0.0589696326641022 0.189014767739087
0.0579445401984681 0.181998434776753
0.0605468340027433 0.186413735792844
0.0610013264968131 0.184159816913542
0.0646312323381735 0.191381304746438
0.062488807101636 0.181546547714393
0.0661914929494482 0.188729134637774
0.0672882386132998 0.188340895570557
0.0697503614212654 0.191705208801438
0.0673906160434952 0.181918951374721
0.0695061955466527 0.184330921932893
0.0709355604717362 0.184857096862849
0.0687365333876126 0.17605762970645
0.073450504053491 0.184948704927307
0.0748996337401996 0.18544553072421
0.0717983886525542 0.174831322671016
0.0735847143672163 0.176256318500913
0.0718744255561378 0.169381424456684
0.0799859910948344 0.18548919437147
0.0766492986292522 0.17494537724571
0.0772590585469929 0.17358294234294
0.0774436407652617 0.171308150725589
0.0792733114864869 0.172672354724103
0.0849240139726983 0.182178241979565
0.0825601526701992 0.174450053571426
0.0809754161355556 0.168558541704874
0.0837076153679267 0.171680037073083
0.0842614064258958 0.170293908837427
0.0861479806838005 0.171588243840024
0.085783041975944 0.168411014216272
0.0899746427063386 0.174128009435205
0.0858796891407391 0.163858716561219
0.0863620676793271 0.162473361712471
0.092050615384973 0.170770852920654
0.0944812583969298 0.172864952525758
0.098878117671112 0.178435192285092
0.0920780030879505 0.163907416999156
0.095998959085491 0.168582916852516
0.0914792538859169 0.158494624856731
0.0959341075079855 0.164001972599863
0.0994361532896762 0.167742217163575
0.0983505549379674 0.16373200158611
0.101380953723178 0.166574014246457
0.107071988540737 0.173642129881928
0.100663005093479 0.161142667861589
0.0994597730532332 0.15717427761628
0.101991306123313 0.159118740176199
0.104548772539978 0.161038983356155
0.108780159938812 0.165441460352859
0.10863222503565 0.163141164896552
0.113492953692265 0.168310277351698
0.105447844052636 0.154433649780904
0.109756544084398 0.158752955974525
0.113545487000554 0.162207960291124
0.111017846116713 0.156649410607272
0.110761312226334 0.154375942795179
0.114008149621194 0.156965415999676
0.113142209174097 0.153882554252277
0.114035452672454 0.153221785441198
0.117933340859689 0.156549439838258
0.117629343323141 0.154270339305282
0.117302861892555 0.152000126946711
0.120031726579832 0.153679486641075
0.121543793630627 0.153763149778728
0.125559572841263 0.156957935982605
0.122066051055233 0.150784213960816
0.124842271396458 0.152392280882508
0.125726647789476 0.151663476274352
0.124678747780736 0.148631120065172
0.1268354873725 0.149428106937686
0.12314178031906 0.143377480588314
0.126597528006009 0.145677952699672
0.126782490975256 0.144188071566649
0.128948475150586 0.144942370466123
0.12577533828336 0.139730326986329
0.133992672550182 0.14712907157615
0.133491038277494 0.144876301373263
0.1322858886859 0.141902937441695
0.13379525054481 0.141858489106755
0.137379597763109 0.14397168512748
0.138909324786403 0.143889539186786
0.136949121418971 0.14021746732334
0.144791167717341 0.146531627135745
0.142813131478774 0.142858004596265
0.134397471005384 0.132884610799584
0.139459260872435 0.136294220555804
0.14456512189759 0.139649294773496
0.143205260060768 0.136734244031727
0.141816449089391 0.133839810100269
0.14039888323511 0.130966230709805
0.151451154803472 0.139637200303841
0.150782621771132 0.13740669915191
0.149350277273092 0.134519495532991
0.153117937401903 0.136308096772667
0.157662131547466 0.138717887368247
0.156202600834599 0.135829847575954
0.150164443924331 0.129052856539081
0.150150437985217 0.12752978464989
0.166974452252184 0.140155386250701
0.157781289202425 0.13088187337298
0.157766613265746 0.129327861416852
0.160070344422483 0.129666822419876
0.161602616341528 0.129358395133724
0.165489623241911 0.130897611128891
0.160732928593284 0.125622154359118
0.170167200771257 0.131408233310074
0.160593516616824 0.122530495880177
0.168490370700135 0.127011790717757
0.169226366469968 0.126029508018448
0.167540190644164 0.123265098543413
0.166636576581378 0.121112556513512
0.170587574115138 0.122473995433774
0.176191341291596 0.124950435188791
0.175277111701726 0.122775950875979
0.176810727604784 0.122323205500292
0.17504229478912 0.11960014646713
0.17822188201706 0.120257892756763
0.181414960855902 0.120882637205065
0.174596571110418 0.114878358956266
0.181970470345749 0.118219067506672
0.175921261266888 0.112839309791701
0.180798962695603 0.114489017325654
0.184853714638732 0.115555632421194
0.188075857294352 0.116053745751675
0.191309964115131 0.116518228746696
0.193698678762942 0.116433765916468
0.191792545290958 0.113774424062773
0.18727308539107 0.109625688084997
0.19223729459943 0.111035231188537
0.197224093570561 0.112390644251514
0.199617937880374 0.112221561548516
0.197643780003735 0.109603541119049
0.202664697885366 0.110851342937437
0.193624864468292 0.104448129995877
0.199526338200139 0.10613783662975
0.201025958846707 0.105439859018125
0.205188972774276 0.106106010441621
0.207584577427855 0.105818917089993
0.202835343017497 0.101915767293263
0.199840192905168 0.0989590688094084
0.203108603265656 0.099110520528723
0.212694172371999 0.102260398194953
0.215996693235007 0.102305564421211
0.213869485494877 0.0997789716030205
0.210811613094192 0.0968631188049652
0.21957127045229 0.099345141763286
0.212837727767849 0.0948108729978745
0.21888056522307 0.0959807176865709
0.219435196009305 0.0947058327261728
0.216300687386936 0.0918640987325246
0.220522162322392 0.0921464916567998
0.222904289192912 0.0916224746413369
0.232704598904941 0.09407215129086
0.22767224652205 0.0905005423387234
0.22540062690778 0.0880826736059929
0.22870973058557 0.0878456551883815
0.232959188469885 0.0879261992096363
0.232529109334034 0.0862218841844737
0.234905988503949 0.085552186208082
0.229750091404714 0.0821638332815929
0.238716038277195 0.0838072375707543
0.233526802643496 0.0804626152141829
0.243464230871868 0.082305335707777
0.239193001087073 0.0793139850906491
0.248209275862121 0.0807041224225969
0.248674544173823 0.0792588864414679
0.25485855602169 0.0795997262717612
0.250536064781238 0.0766529858774677
0.245230146107553 0.0734722766767729
0.259087566195954 0.0759844263165625
0.250874355428979 0.07199345656443
0.258028456642531 0.0724245508282483
0.251694955879852 0.0690698862358949
0.259819459907809 0.0696767411207959
0.26505719396017 0.0694311452444867
0.272238338586532 0.0696224604825533
0.268757758189508 0.0670691241403205
0.264285178571595 0.0643221920287246
0.263681882865536 0.062552894805005
0.266964267409702 0.0616934350348647
0.267318630379176 0.0601394201186002
0.281340207502616 0.0615766809952008
0.273868824501759 0.0582740676976031
0.278120367957593 0.0574896593061133
0.285313294575009 0.0572479164577556
0.278770385778896 0.0542500876744522
0.281046610841648 0.052998137084458
0.28430137908077 0.0519011161033371
0.285583255171892 0.0504202773239706
0.289814783750179 0.0494306698299419
0.298977959196362 0.0492054866328768
0.289382597088248 0.0458989379230116
0.302495831906307 0.0461765273630594
0.295833462502138 0.0434000283870419
0.297071158724619 0.0418177791616429
0.298300423938166 0.0402225941270616
0.304480108928678 0.039253831236967
0.308673378211205 0.0379703250405155
0.304916185273561 0.035708821854263
0.308100366170721 0.0342660818517049
0.318239467469508 0.0335207599067217
0.318429078209489 0.031668946156373
0.323586162111577 0.030281936693355
0.335710940436924 0.0294476564594877
0.336873228067 0.0275758628463178
0.330048072568607 0.0250852505219244
0.345151634017845 0.0242146553725576
0.339299024563094 0.0218213640850648
0.339420221844881 0.0198472416917806
0.343524403114427 0.0180827117677743
0.360605188366453 0.0168789254158886
0.35070566000294 0.0143715010316344
0.356779623512917 0.0125419394824391
0.356846545226195 0.0104662868357855
0.366898629280284 0.00862530186421631
0.366942596115526 0.00649085171588773
0.364974286685931 0.00433244250927147
0.37199318564851 0.00225162853802433
0.371999989673926 8.76504342241473E-05
0.381994049631064 -0.00213214597529159
0.379975313302167 -0.0043314294314809
0.385942798496416 -0.00664501984605818
0.390896287111505 -0.00900514977330431
0.39383604051523 -0.0113654384555259
0.393763262449175 -0.0136562493160484
0.402669785098722 -0.0163108604478445
0.405564874092274 -0.0187918307388517
0.410441907698323 -0.021411221472903
0.416300343847472 -0.0241458839655303
0.425134555897165 -0.0271405486702077
0.436940453418451 -0.03044733430825
0.432767305037458 -0.0326873016722944
0.440543473322195 -0.0358531464897691
0.456266911749265 -0.03980584432955
0.456027635272665 -0.0424593437021971
0.466719438389946 -0.0461948679938912
0.460475533619877 -0.0482833608760811
0.475095732862433 -0.0526122097607341
0.485707578614591 -0.0566493431237339
0.493310433455847 -0.0604468050735886
0.48997490256707 -0.062933257141116
0.497529273502095 -0.066847752456443
0.506044717008697 -0.0709911571083874
0.516507445181957 -0.0755252214270659
0.524956939740173 -0.0798824850554361
0.533372917861863 -0.0843405625516112
0.539780888136923 -0.0885753509849926
0.545171561255943 -0.092719840367407
0.555456340241985 -0.0977970044785631
0.579473700152077 -0.105504648390775
0.575901856257071 -0.108319213252588
0.582133733482456 -0.113001399733705
0.573622132642012 -0.114815717317928
0.581759058074664 -0.119968322269169
0.578116738442577 -0.122727489718141
0.571531174481269 -0.124808319418461
0.56981975688649 -0.127911862865886
0.568091605094687 -0.130999726033843
0.565373739035477 -0.133841455495092
0.569444337360866 -0.138308158283031
0.559896915798434 -0.139443335012473
0.559076279739347 -0.142697979778312
0.565976575413711 -0.147971335342248
0.557378279419814 -0.149192672846249
0.553607553350494 -0.151639958036395
0.552716074125292 -0.154857810276151
0.558535231393138 -0.15999811027826
0.548957603362787 -0.160715741948898
0.547055342223023 -0.163619841539011
0.547050667370873 -0.167091493886081
0.54893341562051 -0.171163971720688
0.546022603315471 -0.173747853709322
0.543100369487863 -0.17630368306461
0.537318961528011 -0.177888542583439
0.540064995753807 -0.182290428606224
0.536158629149491 -0.184453041147438
0.544513543025185 -0.190876927527032
0.532092882575987 -0.190005695472471
0.539436654145839 -0.19617363779046
0.528908544538588 -0.195836032215914
0.52776038803991 -0.198909458839855
0.524727016454897 -0.201259926965957
0.519821063234071 -0.202854781107569
0.524208922041162 -0.208088937842556
0.521134995137603 -0.210386113712219
0.51990233016491 -0.213414074252606
0.515883466582922 -0.215279466987418
0.517384262798602 -0.219448227626352
0.516098945615166 -0.222454216266884
0.512964149075277 -0.224650354469956
0.511648645129068 -0.227630542629035
0.510315827240544 -0.230603027880813
0.508056873117846 -0.233150624442047
0.513943411011425 -0.239481043671397
0.50802185080286 -0.240328523290177
0.512023931730031 -0.245876988219151
0.509686047996061 -0.248413229273638
0.510921427461679 -0.252703967045474
0.504973969823846 -0.253429062659248
0.50616459557312 -0.25772349948792
0.494883531848013 -0.255615511864277
0.491616613468989 -0.257561847643014
0.495408506337745 -0.263232619270873
0.493868860622952 -0.266110030827451
0.496700314591496 -0.271375749625329
0.492489001891317 -0.272806860280481
0.49176563566762 -0.276156766305702
0.491019931718763 -0.2795074715547
0.489385687007325 -0.282359078749681
0.479102405938614 -0.280153323421001
0.48090579220039 -0.284974769107925
0.482669180465846 -0.289826607178203
0.480975049091552 -0.292629462206695
0.477562103062729 -0.294372956839284
0.474993408787197 -0.296616354250266
0.478330552206901 -0.302582026606739
0.475720311206574 -0.304819923078398
0.47561673950084 -0.308670888012767
0.467127913695707 -0.307038291172773
0.466998802200661 -0.3108586796973
0.46932860163531 -0.316364763662207
0.467480319554311 -0.319089565528864
0.461503000690777 -0.318960781842233
0.462917038358099 -0.323933350548791
0.461840810320215 -0.327198817117004
0.458304438576638 -0.328714224792529
0.462048851044383 -0.335487494921294
0.460089452346727 -0.338169625837816
0.461323692742202 -0.343227986205522
0.449733485075543 -0.338686864820303
0.425487194835912 -0.324323367999696
0.307204155068772 -0.237001280816121
0.185226203753205 -0.144624525731898
0.178104941150519 -0.140739581986626
0.173378307618371 -0.138650504677731
0.173346160415398 -0.140285810648258
0.172527163894674 -0.141291817592033
0.170932363536776 -0.141654957893226
0.170105443322577 -0.142646900253842
0.170797746703858 -0.144928015652202
0.167675648870827 -0.143964845624712
0.165325524654026 -0.143626149770405
0.165238315841994 -0.145245650460527
0.162148914314269 -0.144210712454741
0.161307275507308 -0.145151516934579
0.156023491187092 -0.142048126343826
0.159607650878548 -0.147018358653032
0.158749722571222 -0.147944332718628
0.156431247851562 -0.147493270001052
0.155570610657853 -0.148400758419702
0.154704709030036 -0.14930322502857
0.151687057307899 -0.148104816414829
0.150822942927776 -0.148984696820193
0.151368382553193 -0.15127330485988
0.150485841993716 -0.152151277876469
0.150297266117951 -0.153739168065493
0.149400399386373 -0.154610868515743
0.149189167608427 -0.156200487413787
0.150337418453923 -0.15924716830327
0.148726279541562 -0.159387872103636
0.146440648107405 -0.158780151725217
0.144167165783285 -0.158151282985674
0.144583472697337 -0.160473111214242
0.144977600012024 -0.162805084363952
0.14667080266172 -0.166648359267551
0.14963671077092 -0.172025738741794
0.145373973369338 -0.169101767781449
0.148272697570211 -0.174517068378003
0.178763708075137 -0.212902646003348
0.335887322186259 -0.404790942085596
0.378546701571111 -0.461639897246362
0.392223757051645 -0.48403463141008
0.389401418863781 -0.486308065928249
0.38346344843609 -0.484643976248031
0.381869551082008 -0.488442059978894
0.377799098608956 -0.489072429288608
0.373734275885311 -0.489672023938965
0.375696073303768 -0.498225310983023
0.372194043234194 -0.499600434528417
0.369874242522563 -0.502562478422693
0.366356451136946 -0.503896765925663
0.36575235798632 -0.509268311037951
0.362205077239248 -0.51057172074265
0.363245813063282 -0.518402815667503
0.360224040306305 -0.520507099649372
0.358318640389186 -0.524244935072953
0.355262966516282 -0.526320458107084
0.352749908938277 -0.529210262319276
0.350215233671518 -0.53208861113954
0.350928509388733 -0.539986278805491
0.35048155688151 -0.546226764527254
0.346227887798057 -0.546566784309929
0.345693593451314 -0.552810943674886
0.343522487931995 -0.556514420554412
0.342880872049362 -0.56277322926972
0.341147319359966 -0.567329275195199
0.336310305064036 -0.566724252796486
0.33654515642509 -0.574711543025553
0.332695984433148 -0.57579369737959
0.331321874985703 -0.581194300691222
0.32989612453855 -0.586598284189824
0.32599310402283 -0.587632960383912
0.322569239464824 -0.589519368427438
0.320084264258455 -0.593145904288417
0.318977305651117 -0.599411777061106
0.318737463759723 -0.607455701426877
0.314279464313407 -0.607523183352601
0.312102988692119 -0.61201366361336
0.3107830754061 -0.618286244421729
0.308956767063281 -0.623667953390108
0.306200936391153 -0.627251932283338
0.302546937225751 -0.629022535983662
0.300595494861056 -0.63438659228363
0.298168890945139 -0.638842948206009
0.295282913349777 -0.642383842483346
0.29442761961988 -0.650467813811699
0.291045826500469 -0.65308294027379
0.289250504980722 -0.659343723234245
0.285410109863992 -0.661015180754136
0.285079557314986 -0.670947573213505
0.281557426543404 -0.673517197670747
0.279916641513487 -0.680692789592934
0.275952213610885 -0.682309589411766
0.275304271027427 -0.692266248169053
0.270908472334452 -0.692924670954508
0.270460045419158 -0.703823389659556
0.268127544469024 -0.710062405635597
0.26364465242107 -0.710672566833541
0.261217884669723 -0.716892053749151
0.257380081534446 -0.719341013448644
0.257168037771853 -0.732147936108936
0.25290467248574 -0.733631533288258
0.250234764163502 -0.73982671133451
0.246871508988993 -0.74411723407639
0.241919969571109 -0.74363884266673
0.240932077032374 -0.755513556633411
0.236533065144966 -0.75690231145976
0.235638675308994 -0.769739835722838
0.233167057431034 -0.777802753485068
0.22835694280485 -0.778186421542308
0.224378228200027 -0.781423963485774
0.222532692618136 -0.792343486573924
0.219243682110507 -0.798446120821328
0.21407694592136 -0.797776322802941
0.209432539583439 -0.799008142238633
0.203541451439474 -0.795369019729781
0.199395785410909 -0.798480006487556
0.19451090277283 -0.79865481198231
0.189168791209525 -0.796853919129678
0.183628925810052 -0.794043712654314
0.178347827252808 -0.792171731706076
0.171169091810555 -0.781473698859245
0.168078173420118 -0.789302684411853
0.16145801576272 -0.780474412870765
0.156718265279779 -0.780420005719803
0.151028740008039 -0.775429119708297
0.145588084811663 -0.771381299722046
0.141098381086334 -0.772215155804919
0.136081849528951 -0.770068652932179
0.132104801624042 -0.773804446477191
0.125488088833182 -0.761732721865744
0.119173170771857 -0.750598264964809
0.116013283707851 -0.759187011218792
0.110868486326776 -0.754902098778119
0.104242461760352 -0.739690819982337
0.100339162504143 -0.743257729504354
0.0972940077064654 -0.753746559570532
0.0915629882433594 -0.743382283340104
0.087237073076203 -0.743902341091287
0.0824654383942843 -0.740421806452537
0.077422538570434 -0.733927619402152
0.0730527400866713 -0.733370504701293
0.0683187201975721 -0.728804879560069
0.0640779972562006 -0.729189968573097
0.0596716220504121 -0.727557075095743
0.0558939613748903 -0.733874556775082
0.0507822626260511 -0.72221683849283
0.0465801600176775 -0.722500026776973
0.0427861985185261 -0.729746765129064
0.0375914165728963 -0.712008346439873
0.0335896602758258 -0.715211671271208
0.029593004246889 -0.719391586063976
0.0250548104178662 -0.709557789383588
0.0208973083522458 -0.708691965880545
0.016892683701563 -0.713800138160087
0.0125795260078167 -0.704887760941711
0.00841874174721494 -0.699949373017359
0.00429721036444346 -0.691986657373597
0.000278423641768351 -0.708999945331645
-0.00377542187200428 -0.695989760118415
-0.00785775882620626 -0.698955832385873
-0.0118212083829902 -0.692899169455676
-0.015645840171379 -0.683821034836844
-0.0198816681817879 -0.692714745959915
-0.0237729429058045 -0.68858975245468
-0.0277781702684507 -0.6884398109178
-0.0313673021614863 -0.679276153236009
-0.0354220995543444 -0.681079492323152
-0.0394989354728196 -0.682858575472633
-0.0432798973011246 -0.67962331514568
-0.0473713510264968 -0.681355234148769
-0.0507328170034556 -0.673090767488972
-0.0539187959202467 -0.663813801789712
-0.0586469461866905 -0.673451212563297
-0.0624709707522497 -0.672102951796279
-0.0659862763551257 -0.667747565576083
-0.0700778023442496 -0.669341543323437
-0.0733108089810076 -0.662958916741113
-0.0767033345535265 -0.658548098826783
-0.0806543769889531 -0.659083356998585
-0.0841052804471863 -0.65562741080655
-0.0876517257868448 -0.653144834601475
-0.0908946024052483 -0.648662602015556
-0.0949554896861925 -0.650101880460636
-0.0990361880109066 -0.651515796787974
-0.102668446118598 -0.649940912830999
-0.106123963836694 -0.647359022722004
-0.109720440394776 -0.645744860575426
-0.113648222643254 -0.646080553406485
-0.117046705971333 -0.643440804286813
-0.120233644883011 -0.639800649138578
-0.123953426641668 -0.639090406768705
-0.126296228780963 -0.631494467589152
-0.132187532963259 -0.641522763531496
-0.133842059571033 -0.630960619286009
-0.139855322279844 -0.640918472841906
-0.142049157332799 -0.633263797244909
-0.145505997840002 -0.631452297954949
-0.150788266041265 -0.637407168789518
-0.153314267073951 -0.631660300724668
-0.156020066965961 -0.626876174937234
-0.159664059627242 -0.625957976275843
-0.162291487418703 -0.62114851131708
-0.165126812043966 -0.617295825309225
-0.171355216386675 -0.625969959196986
-0.17418477038601 -0.62207368194256
-0.176424353877913 -0.616243009987749
-0.179444504949458 -0.613286776021988
-0.184441045402735 -0.617023095816313
-0.184815594943039 -0.605419025027997
-0.191309546041938 -0.613880817091744
-0.193665044922549 -0.6089456875413
-0.195352414657028 -0.602101680854379
-0.198851624886455 -0.600955099221245
-0.204262059685286 -0.60547337759238
-0.20615490549953 -0.59954662449094
-0.213937662722406 -0.610605991183246
-0.210426977382351 -0.589573139813652
-0.220002181451703 -0.60525617729726
-0.22213100600321 -0.600214808357809
-0.224561198862075 -0.596105081311699
-0.228025031769386 -0.594788689272561
-0.232207933815427 -0.595315441991194
-0.233823013814386 -0.589307049177895
-0.237247144844201 -0.587936894796776
-0.23762648732416 -0.579145622898059
-0.240606473106453 -0.576830586133636
-0.248251571159532 -0.585548595265008
-0.252049276325492 -0.585012959090476
-0.255047102150764 -0.582620782056818
-0.25396224357126 -0.571076333636977
-0.259749870888067 -0.575057392417168
-0.26350761328286 -0.574445591628982
-0.263044785803428 -0.564744580019701
-0.267608005329801 -0.565916915707072
-0.273924683736973 -0.570661254720872
-0.275487761428051 -0.565462194406806
-0.277886079435844 -0.562057227385055
-0.282496168489585 -0.563112701675876
-0.287581493826438 -0.565024675928897
-0.288110810027027 -0.558010896977443
-0.291351968121586 -0.556325471888245
-0.294583267006672 -0.554621221014555
-0.299701441905719 -0.556419846626298
-0.301974499307548 -0.552911748625362
-0.303732494797757 -0.548521259026421
-0.306428683244803 -0.545873119034869
-0.310093491106884 -0.544950481028455
-0.315256760939056 -0.546602391764082

Coordonnées des points (filtrage des pics) (x, y)  : 
-0.171261865154224 0.300641603148827
-0.169510090266924 0.301632772254109
-0.165328409020044 0.298240703410686
-0.162151486540728 0.296565162169517
-0.159948953092226 0.296623216226749
-0.156342754133842 0.294016909768545
-0.15416541484748 0.294035754398856
-0.150615581059541 0.291374238295181
-0.14801002816739 0.290463477156575
-0.144971371054481 0.288638704221357
-0.141071754310033 0.284996070386751
-0.139411502636565 0.285811883819786
-0.136447037747779 0.283914081880164
-0.133937328835169 0.282895372787361
-0.132289417946628 0.283669719743476
-0.12938491833534 0.281708258500452
-0.125683603156869 0.277900399239559
-0.12487842867967 0.28045387865119
-0.122040526303091 0.278427925933561
-0.118834346558086 0.275460338484713
-0.115276109549829 0.271544505683793
-0.1152361650334 0.275901479279099
-0.113629255088764 0.276567157102886
-0.111643856172517 0.276296307211896
-0.109665466241651 0.276011748869503
-0.106238850694877 0.271987695683153
-0.102862824772473 0.267933273931827
-0.0984787140151765 0.261042032795328
-0.0976535704314683 0.263485825391018
-0.092014447958073 0.252773300344342
-0.0891961145498022 0.249537678816684
-0.0844319504857294 0.240616387091934
-0.0810771540380738 0.235430446402088
-0.0790660372796984 0.234003337046473
-0.0808493564414046 0.243951596762576
-0.0800470091822014 0.246319865867503
-0.0789162995287987 0.247734167342095
-0.0792617158262519 0.253916483128367
-0.0792453967630942 0.259154716514787
-0.077449663591767 0.258653338678475
-0.076787547199575 0.261978381923152
-0.0749865945270039 0.261459386217521
-0.0721139292968879 0.257076994694904
-0.0695593174260792 0.253634582340851
-0.0678238405724961 0.253069015586651
-0.0660973063053664 0.252491873332934
-0.0641321758011481 0.250934381914896
-0.0617034702906032 0.247422072083508
-0.0600268090581292 0.246805150258861
-0.0588207605901829 0.24812319142634
-0.0571513901631929 0.247486804905665
-0.0559300890929338 0.248790725578862
-0.053840926491851 0.246181141914849
-0.0524079429880476 0.246490177312934
-0.0509731860248394 0.246790871602815
-0.0491435557080426 0.24512223671542
-0.0471442097546496 0.242459117144746
-0.0462884525632907 0.24567738837609
-0.044499659037166 0.243974958439541
-0.0430796672846411 0.244229691615587
-0.0409863109993482 0.240532996303344
-0.0397486404492174 0.241754101480076
-0.0381851516169039 0.240993556337081
-0.0361796163603229 0.237257318875561
-0.0347988428951298 0.237463766779608
-0.0334168918539491 0.237662179024811
-0.0325677068346905 0.24181675804528
-0.0303942304389395 0.236051246037856
-0.0292644411097677 0.238209136026587
-0.0278782477849167 0.238375341217255
-0.0262703518147172 0.236545700902661
-0.0244755009681443 0.232716458060788
-0.0230225312533585 0.231859791802477
-0.0219524350023996 0.234976787358806
-0.0200618167103728 0.22912338054044
-0.0186472034544388 0.228239527258818
-0.0173948141027512 0.229341275051681
-0.0162000629984385 0.231433701000625
-0.0147894807127444 0.230526075011586
-0.0133900083881641 0.22960990326065
-0.0121065158376856 0.230682535694126
-0.0105779997101375 0.22675340333087
-0.00925876226608506 0.226811100524864
-0.00804413501013459 0.229859287156162
-0.00656107145965106 0.224904318191762
-0.00532269383105313 0.227937861993967
-0.0039090091863955 0.222965736486978
-0.00268219382542304 0.2289842916802
-0.00131473843690364 0.22299612432247
-1.767145865824E-05 0.224999999306043
0.00126823304936401 0.220996361021924
0.00255378048172924 0.220985244315658
0.00380449722847325 0.218966951389561
0.00514776070226957 0.221940308551088
0.00629371705592144 0.216908711502374
0.00762503602175623 0.218867217338885
0.00881682925215701 0.21682080970686
0.0100779591574889 0.216765852336617
0.0113910003246315 0.217702193630667
0.0123669107485276 0.212640681711045
0.0137313980932409 0.21456106055481
0.0148399572250465 0.212482412612335
0.0163776400990313 0.216381082594543
0.0173922672877476 0.213292074486118
0.0187197937261364 0.214183494515453
0.0198725520260822 0.213075295789941
0.0212103594913656 0.213951210910915
0.0222457069383572 0.211835144682871
0.0235878307794035 0.212696060704288
0.0248247164810044 0.212555247998344
0.0253300865525917 0.206451899277382
0.0270408237767755 0.210268385282889
0.028130210370929 0.209116453834908
0.0285117071190888 0.203007592363328
0.0298369899975421 0.203827755783864
0.0308715885934744 0.202662145004229
0.0326753477747224 0.206429943680177
0.0330652070365762 0.201302489014985
0.0347391197764089 0.204064189796153
0.0360991575587092 0.204843478840678
0.0367523131985995 0.201678624238049
0.0382948849729688 0.203426895431521
0.0387147495067926 0.199274103110831
0.0402661421406297 0.201006561577254
0.0412326253716 0.199789565806038
0.0423941335160644 0.199546329065263
0.0444082111236562 0.203204111141475
0.0451511676084044 0.200990975079972
0.0456450409737765 0.197801744771128
0.045872843796924 0.193640600603239
0.0469985039796178 0.193370475056762
0.0478807517770306 0.192123485314176
0.0502348646366927 0.196686192639273
0.0511250732574427 0.195423199452934
0.0512261426491806 0.191258679043033
0.0526021888687112 0.191921884437967
0.0542576139188947 0.193538397564484
0.0540048626357065 0.18841304310397
0.0565055873687439 0.192894060551675
0.0556198240452267 0.185855952751527
0.0572845712920847 0.187441932053322
0.0589696326641022 0.189014767739087
0.0579445401984681 0.181998434776753
0.0605468340027433 0.186413735792844
0.0610013264968131 0.184159816913542
0.0646312323381735 0.191381304746438
0.062488807101636 0.181546547714393
0.0661914929494482 0.188729134637774
0.0672882386132998 0.188340895570557
0.0697503614212654 0.191705208801438
0.0673906160434952 0.181918951374721
0.0695061955466527 0.184330921932893
0.0709355604717362 0.184857096862849
0.0687365333876126 0.17605762970645
0.073450504053491 0.184948704927307
0.0748996337401996 0.18544553072421
0.0717983886525542 0.174831322671016
0.0735847143672163 0.176256318500913
0.0718744255561378 0.169381424456684
0.0799859910948344 0.18548919437147
0.0766492986292522 0.17494537724571
0.0772590585469929 0.17358294234294
0.0774436407652617 0.171308150725589
0.0792733114864869 0.172672354724103
0.0849240139726983 0.182178241979565
0.0825601526701992 0.174450053571426
0.0809754161355556 0.168558541704874
0.0837076153679267 0.171680037073083
0.0842614064258958 0.170293908837427
0.0861479806838005 0.171588243840024
0.085783041975944 0.168411014216272
0.0899746427063386 0.174128009435205
0.0858796891407391 0.163858716561219
0.0863620676793271 0.162473361712471
0.092050615384973 0.170770852920654
0.0944812583969298 0.172864952525758
0.098878117671112 0.178435192285092
0.0920780030879505 0.163907416999156
0.095998959085491 0.168582916852516
0.0914792538859169 0.158494624856731
0.0959341075079855 0.164001972599863
0.0994361532896762 0.167742217163575
0.0983505549379674 0.16373200158611
0.101380953723178 0.166574014246457
0.107071988540737 0.173642129881928
0.100663005093479 0.161142667861589
0.0994597730532332 0.15717427761628
0.101991306123313 0.159118740176199
0.104548772539978 0.161038983356155
0.108780159938812 0.165441460352859
0.10863222503565 0.163141164896552
0.113492953692265 0.168310277351698
0.105447844052636 0.154433649780904
0.109756544084398 0.158752955974525
0.113545487000554 0.162207960291124
0.111017846116713 0.156649410607272
0.110761312226334 0.154375942795179
0.114008149621194 0.156965415999676
0.113142209174097 0.153882554252277
0.114035452672454 0.153221785441198
0.117933340859689 0.156549439838258
0.117629343323141 0.154270339305282
0.117302861892555 0.152000126946711
0.120031726579832 0.153679486641075
0.121543793630627 0.153763149778728
0.125559572841263 0.156957935982605
0.122066051055233 0.150784213960816
0.124842271396458 0.152392280882508
0.125726647789476 0.151663476274352
0.124678747780736 0.148631120065172
0.1268354873725 0.149428106937686
0.12314178031906 0.143377480588314
0.126597528006009 0.145677952699672
0.126782490975256 0.144188071566649
0.128948475150586 0.144942370466123
0.12577533828336 0.139730326986329
0.133992672550182 0.14712907157615
0.133491038277494 0.144876301373263
0.1322858886859 0.141902937441695
0.13379525054481 0.141858489106755
0.137379597763109 0.14397168512748
0.138909324786403 0.143889539186786
0.136949121418971 0.14021746732334
0.144791167717341 0.146531627135745
0.142813131478774 0.142858004596265
0.134397471005384 0.132884610799584
0.139459260872435 0.136294220555804
0.14456512189759 0.139649294773496
0.143205260060768 0.136734244031727
0.141816449089391 0.133839810100269
0.14039888323511 0.130966230709805
0.151451154803472 0.139637200303841
0.150782621771132 0.13740669915191
0.149350277273092 0.134519495532991
0.153117937401903 0.136308096772667
0.157662131547466 0.138717887368247
0.156202600834599 0.135829847575954
0.150164443924331 0.129052856539081
0.150150437985217 0.12752978464989
0.166974452252184 0.140155386250701
0.157781289202425 0.13088187337298
0.157766613265746 0.129327861416852
0.160070344422483 0.129666822419876
0.161602616341528 0.129358395133724
0.165489623241911 0.130897611128891
0.160732928593284 0.125622154359118
0.170167200771257 0.131408233310074
0.160593516616824 0.122530495880177
0.168490370700135 0.127011790717757
0.169226366469968 0.126029508018448
0.167540190644164 0.123265098543413
0.166636576581378 0.121112556513512
0.170587574115138 0.122473995433774
0.176191341291596 0.124950435188791
0.175277111701726 0.122775950875979
0.176810727604784 0.122323205500292
0.17504229478912 0.11960014646713
0.17822188201706 0.120257892756763
0.181414960855902 0.120882637205065
0.174596571110418 0.114878358956266
0.181970470345749 0.118219067506672
0.175921261266888 0.112839309791701
0.180798962695603 0.114489017325654
0.184853714638732 0.115555632421194
0.188075857294352 0.116053745751675
0.191309964115131 0.116518228746696
0.193698678762942 0.116433765916468
0.191792545290958 0.113774424062773
0.18727308539107 0.109625688084997
0.19223729459943 0.111035231188537
0.197224093570561 0.112390644251514
0.199617937880374 0.112221561548516
0.197643780003735 0.109603541119049
0.202664697885366 0.110851342937437
0.193624864468292 0.104448129995877
0.199526338200139 0.10613783662975
0.201025958846707 0.105439859018125
0.205188972774276 0.106106010441621
0.207584577427855 0.105818917089993
0.202835343017497 0.101915767293263
0.199840192905168 0.0989590688094084
0.203108603265656 0.099110520528723
0.212694172371999 0.102260398194953
0.215996693235007 0.102305564421211
0.213869485494877 0.0997789716030205
0.210811613094192 0.0968631188049652
0.21957127045229 0.099345141763286
0.212837727767849 0.0948108729978745
0.21888056522307 0.0959807176865709
0.219435196009305 0.0947058327261728
0.216300687386936 0.0918640987325246
0.220522162322392 0.0921464916567998
0.222904289192912 0.0916224746413369
0.232704598904941 0.09407215129086
0.22767224652205 0.0905005423387234
0.22540062690778 0.0880826736059929
0.22870973058557 0.0878456551883815
0.232959188469885 0.0879261992096363
0.232529109334034 0.0862218841844737
0.234905988503949 0.085552186208082
0.229750091404714 0.0821638332815929
0.238716038277195 0.0838072375707543
0.233526802643496 0.0804626152141829
0.243464230871868 0.082305335707777
0.239193001087073 0.0793139850906491
0.248209275862121 0.0807041224225969
0.248674544173823 0.0792588864414679
0.25485855602169 0.0795997262717612
0.250536064781238 0.0766529858774677
0.245230146107553 0.0734722766767729
0.259087566195954 0.0759844263165625
0.250874355428979 0.07199345656443
0.258028456642531 0.0724245508282483
0.251694955879852 0.0690698862358949
0.259819459907809 0.0696767411207959
0.26505719396017 0.0694311452444867
0.272238338586532 0.0696224604825533
0.268757758189508 0.0670691241403205
0.264285178571595 0.0643221920287246
0.263681882865536 0.062552894805005
0.266964267409702 0.0616934350348647
0.267318630379176 0.0601394201186002
0.281340207502616 0.0615766809952008
0.273868824501759 0.0582740676976031
0.278120367957593 0.0574896593061133
0.285313294575009 0.0572479164577556
0.278770385778896 0.0542500876744522
0.281046610841648 0.052998137084458
0.28430137908077 0.0519011161033371
0.285583255171892 0.0504202773239706
0.289814783750179 0.0494306698299419
0.298977959196362 0.0492054866328768
0.289382597088248 0.0458989379230116
0.302495831906307 0.0461765273630594
0.295833462502138 0.0434000283870419
0.297071158724619 0.0418177791616429
0.298300423938166 0.0402225941270616
0.304480108928678 0.039253831236967
0.308673378211205 0.0379703250405155
0.304916185273561 0.035708821854263
0.308100366170721 0.0342660818517049
0.318239467469508 0.0335207599067217
0.318429078209489 0.031668946156373
0.323586162111577 0.030281936693355
0.335710940436924 0.0294476564594877
0.336873228067 0.0275758628463178
0.330048072568607 0.0250852505219244
0.345151634017845 0.0242146553725576
0.339299024563094 0.0218213640850648
0.339420221844881 0.0198472416917806
0.343524403114427 0.0180827117677743
0.360605188366453 0.0168789254158886
0.35070566000294 0.0143715010316344
0.356779623512917 0.0125419394824391
0.356846545226195 0.0104662868357855
0.366898629280284 0.00862530186421631
0.366942596115526 0.00649085171588773
0.364974286685931 0.00433244250927147
0.37199318564851 0.00225162853802433
0.371999989673926 8.76504342241473E-05
0.381994049631064 -0.00213214597529159
0.379975313302167 -0.0043314294314809
0.385942798496416 -0.00664501984605818
0.390896287111505 -0.00900514977330431
0.39383604051523 -0.0113654384555259
0.393763262449175 -0.0136562493160484
0.402669785098722 -0.0163108604478445
0.405564874092274 -0.0187918307388517
0.410441907698323 -0.021411221472903
0.416300343847472 -0.0241458839655303
0.425134555897165 -0.0271405486702077
0.436940453418451 -0.03044733430825
0.432767305037458 -0.0326873016722944
0.440543473322195 -0.0358531464897691
0.456266911749265 -0.03980584432955
0.456027635272665 -0.0424593437021971
0.466719438389946 -0.0461948679938912
0.460475533619877 -0.0482833608760811
0.475095732862433 -0.0526122097607341
0.485707578614591 -0.0566493431237339
0.493310433455847 -0.0604468050735886
0.48997490256707 -0.062933257141116
0.497529273502095 -0.066847752456443
0.506044717008697 -0.0709911571083874
0.516507445181957 -0.0755252214270659
0.524956939740173 -0.0798824850554361
0.533372917861863 -0.0843405625516112
0.539780888136923 -0.0885753509849926
0.545171561255943 -0.092719840367407
0.555456340241985 -0.0977970044785631
0.579473700152077 -0.105504648390775
0.575901856257071 -0.108319213252588
0.582133733482456 -0.113001399733705
0.573622132642012 -0.114815717317928
0.581759058074664 -0.119968322269169
0.578116738442577 -0.122727489718141
0.571531174481269 -0.124808319418461
0.56981975688649 -0.127911862865886
0.568091605094687 -0.130999726033843
0.565373739035477 -0.133841455495092
0.569444337360866 -0.138308158283031
0.559896915798434 -0.139443335012473
0.559076279739347 -0.142697979778312
0.565976575413711 -0.147971335342248
0.557378279419814 -0.149192672846249
0.553607553350494 -0.151639958036395
0.552716074125292 -0.154857810276151
0.558535231393138 -0.15999811027826
0.548957603362787 -0.160715741948898
0.547055342223023 -0.163619841539011
0.547050667370873 -0.167091493886081
0.54893341562051 -0.171163971720688
0.546022603315471 -0.173747853709322
0.543100369487863 -0.17630368306461
0.537318961528011 -0.177888542583439
0.540064995753807 -0.182290428606224
0.536158629149491 -0.184453041147438
0.544513543025185 -0.190876927527032
0.532092882575987 -0.190005695472471
0.539436654145839 -0.19617363779046
0.528908544538588 -0.195836032215914
0.52776038803991 -0.198909458839855
0.524727016454897 -0.201259926965957
0.519821063234071 -0.202854781107569
0.524208922041162 -0.208088937842556
0.521134995137603 -0.210386113712219
0.51990233016491 -0.213414074252606
0.515883466582922 -0.215279466987418
0.517384262798602 -0.219448227626352
0.516098945615166 -0.222454216266884
0.512964149075277 -0.224650354469956
0.511648645129068 -0.227630542629035
0.510315827240544 -0.230603027880813
0.508056873117846 -0.233150624442047
0.513943411011425 -0.239481043671397
0.50802185080286 -0.240328523290177
0.512023931730031 -0.245876988219151
0.509686047996061 -0.248413229273638
0.510921427461679 -0.252703967045474
0.504973969823846 -0.253429062659248
0.50616459557312 -0.25772349948792
0.494883531848013 -0.255615511864277
0.491616613468989 -0.257561847643014
0.495408506337745 -0.263232619270873
0.493868860622952 -0.266110030827451
0.496700314591496 -0.271375749625329
0.492489001891317 -0.272806860280481
0.49176563566762 -0.276156766305702
0.491019931718763 -0.2795074715547
0.489385687007325 -0.282359078749681
0.479102405938614 -0.280153323421001
0.48090579220039 -0.284974769107925
0.482669180465846 -0.289826607178203
0.480975049091552 -0.292629462206695
0.477562103062729 -0.294372956839284
0.474993408787197 -0.296616354250266
0.478330552206901 -0.302582026606739
0.475720311206574 -0.304819923078398
0.47561673950084 -0.308670888012767
0.467127913695707 -0.307038291172773
0.466998802200661 -0.3108586796973
0.46932860163531 -0.316364763662207
0.467480319554311 -0.319089565528864
0.461503000690777 -0.318960781842233
0.462917038358099 -0.323933350548791
0.461840810320215 -0.327198817117004
0.458304438576638 -0.328714224792529
0.462048851044383 -0.335487494921294
0.460089452346727 -0.338169625837816
0.461323692742202 -0.343227986205522
0.449733485075543 -0.338686864820303
0.425487194835912 -0.324323367999696
0.423593358148951 -0.326793003187177
0.185226203753205 -0.144624525731898
0.178104941150519 -0.140739581986626
0.173378307618371 -0.138650504677731
0.173346160415398 -0.140285810648258
0.172527163894674 -0.141291817592033
0.170932363536776 -0.141654957893226
0.170105443322577 -0.142646900253842
0.170797746703858 -0.144928015652202
0.167675648870827 -0.143964845624712
0.165325524654026 -0.143626149770405
0.165238315841994 -0.145245650460527
0.162148914314269 -0.144210712454741
0.161307275507308 -0.145151516934579
0.156023491187092 -0.142048126343826
0.159607650878548 -0.147018358653032
0.158749722571222 -0.147944332718628
0.156431247851562 -0.147493270001052
0.155570610657853 -0.148400758419702
0.154704709030036 -0.14930322502857
0.151687057307899 -0.148104816414829
0.150822942927776 -0.148984696820193
0.151368382553193 -0.15127330485988
0.150485841993716 -0.152151277876469
0.150297266117951 -0.153739168065493
0.149400399386373 -0.154610868515743
0.149189167608427 -0.156200487413787
0.150337418453923 -0.15924716830327
0.148726279541562 -0.159387872103636
0.146440648107405 -0.158780151725217
0.144167165783285 -0.158151282985674
0.144583472697337 -0.160473111214242
0.144977600012024 -0.162805084363952
0.14667080266172 -0.166648359267551
0.14963671077092 -0.172025738741794
0.145373973369338 -0.169101767781449
0.148272697570211 -0.174517068378003
0.178763708075137 -0.212902646003348
0.17752219689692 -0.213938938972996
0.378546701571111 -0.461639897246362
0.392223757051645 -0.48403463141008
0.389401418863781 -0.486308065928249
0.38346344843609 -0.484643976248031
0.381869551082008 -0.488442059978894
0.377799098608956 -0.489072429288608
0.373734275885311 -0.489672023938965
0.375696073303768 -0.498225310983023
0.372194043234194 -0.499600434528417
0.369874242522563 -0.502562478422693
0.366356451136946 -0.503896765925663
0.36575235798632 -0.509268311037951
0.362205077239248 -0.51057172074265
0.363245813063282 -0.518402815667503
0.360224040306305 -0.520507099649372
0.358318640389186 -0.524244935072953
0.355262966516282 -0.526320458107084
0.352749908938277 -0.529210262319276
0.350215233671518 -0.53208861113954
0.350928509388733 -0.539986278805491
0.35048155688151 -0.546226764527254
0.346227887798057 -0.546566784309929
0.345693593451314 -0.552810943674886
0.343522487931995 -0.556514420554412
0.342880872049362 -0.56277322926972
0.341147319359966 -0.567329275195199
0.336310305064036 -0.566724252796486
0.33654515642509 -0.574711543025553
0.332695984433148 -0.57579369737959
0.331321874985703 -0.581194300691222
0.32989612453855 -0.586598284189824
0.32599310402283 -0.587632960383912
0.322569239464824 -0.589519368427438
0.320084264258455 -0.593145904288417
0.318977305651117 -0.599411777061106
0.318737463759723 -0.607455701426877
0.314279464313407 -0.607523183352601
0.312102988692119 -0.61201366361336
0.3107830754061 -0.618286244421729
0.308956767063281 -0.623667953390108
0.306200936391153 -0.627251932283338
0.302546937225751 -0.629022535983662
0.300595494861056 -0.63438659228363
0.298168890945139 -0.638842948206009
0.295282913349777 -0.642383842483346
0.29442761961988 -0.650467813811699
0.291045826500469 -0.65308294027379
0.289250504980722 -0.659343723234245
0.285410109863992 -0.661015180754136
0.285079557314986 -0.670947573213505
0.281557426543404 -0.673517197670747
0.279916641513487 -0.680692789592934
0.275952213610885 -0.682309589411766
0.275304271027427 -0.692266248169053
0.270908472334452 -0.692924670954508
0.270460045419158 -0.703823389659556
0.268127544469024 -0.710062405635597
0.26364465242107 -0.710672566833541
0.261217884669723 -0.716892053749151
0.257380081534446 -0.719341013448644
0.257168037771853 -0.732147936108936
0.25290467248574 -0.733631533288258
0.250234764163502 -0.73982671133451
0.246871508988993 -0.74411723407639
0.241919969571109 -0.74363884266673
0.240932077032374 -0.755513556633411
0.236533065144966 -0.75690231145976
0.235638675308994 -0.769739835722838
0.233167057431034 -0.777802753485068
0.22835694280485 -0.778186421542308
0.224378228200027 -0.781423963485774
0.222532692618136 -0.792343486573924
0.219243682110507 -0.798446120821328
0.21407694592136 -0.797776322802941
0.209432539583439 -0.799008142238633
0.203541451439474 -0.795369019729781
0.199395785410909 -0.798480006487556
0.19451090277283 -0.79865481198231
0.189168791209525 -0.796853919129678
0.183628925810052 -0.794043712654314
0.178347827252808 -0.792171731706076
0.171169091810555 -0.781473698859245
0.168078173420118 -0.789302684411853
0.16145801576272 -0.780474412870765
0.156718265279779 -0.780420005719803
0.151028740008039 -0.775429119708297
0.145588084811663 -0.771381299722046
0.141098381086334 -0.772215155804919
0.136081849528951 -0.770068652932179
0.132104801624042 -0.773804446477191
0.125488088833182 -0.761732721865744
0.119173170771857 -0.750598264964809
0.116013283707851 -0.759187011218792
0.110868486326776 -0.754902098778119
0.104242461760352 -0.739690819982337
0.100339162504143 -0.743257729504354
0.0972940077064654 -0.753746559570532
0.0915629882433594 -0.743382283340104
0.087237073076203 -0.743902341091287
0.0824654383942843 -0.740421806452537
0.077422538570434 -0.733927619402152
0.0730527400866713 -0.733370504701293
0.0683187201975721 -0.728804879560069
0.0640779972562006 -0.729189968573097
0.0596716220504121 -0.727557075095743
0.0558939613748903 -0.733874556775082
0.0507822626260511 -0.72221683849283
0.0465801600176775 -0.722500026776973
0.0427861985185261 -0.729746765129064
0.0375914165728963 -0.712008346439873
0.0335896602758258 -0.715211671271208
0.029593004246889 -0.719391586063976
0.0250548104178662 -0.709557789383588
0.0208973083522458 -0.708691965880545
0.016892683701563 -0.713800138160087
0.0125795260078167 -0.704887760941711
0.00841874174721494 -0.699949373017359
0.00429721036444346 -0.691986657373597
0.000278423641768351 -0.708999945331645
-0.00377542187200428 -0.695989760118415
-0.00785775882620626 -0.698955832385873
-0.0118212083829902 -0.692899169455676
-0.015645840171379 -0.683821034836844
-0.0198816681817879 -0.692714745959915
-0.0237729429058045 -0.68858975245468
-0.0277781702684507 -0.6884398109178
-0.0313673021614863 -0.679276153236009
-0.0354220995543444 -0.681079492323152
-0.0394989354728196 -0.682858575472633
-0.0432798973011246 -0.67962331514568
-0.0473713510264968 -0.681355234148769
-0.0507328170034556 -0.673090767488972
-0.0539187959202467 -0.663813801789712
-0.0586469461866905 -0.673451212563297
-0.0624709707522497 -0.672102951796279
-0.0659862763551257 -0.667747565576083
-0.0700778023442496 -0.669341543323437
-0.0733108089810076 -0.662958916741113
-0.0767033345535265 -0.658548098826783
-0.0806543769889531 -0.659083356998585
-0.0841052804471863 -0.65562741080655
-0.0876517257868448 -0.653144834601475
-0.0908946024052483 -0.648662602015556
-0.0949554896861925 -0.650101880460636
-0.0990361880109066 -0.651515796787974
-0.102668446118598 -0.649940912830999
-0.106123963836694 -0.647359022722004
-0.109720440394776 -0.645744860575426
-0.113648222643254 -0.646080553406485
-0.117046705971333 -0.643440804286813
-0.120233644883011 -0.639800649138578
-0.123953426641668 -0.639090406768705
-0.126296228780963 -0.631494467589152
-0.132187532963259 -0.641522763531496
-0.133842059571033 -0.630960619286009
-0.139855322279844 -0.640918472841906
-0.142049157332799 -0.633263797244909
-0.145505997840002 -0.631452297954949
-0.150788266041265 -0.637407168789518
-0.153314267073951 -0.631660300724668
-0.156020066965961 -0.626876174937234
-0.159664059627242 -0.625957976275843
-0.162291487418703 -0.62114851131708
-0.165126812043966 -0.617295825309225
-0.171355216386675 -0.625969959196986
-0.17418477038601 -0.62207368194256
-0.176424353877913 -0.616243009987749
-0.179444504949458 -0.613286776021988
-0.184441045402735 -0.617023095816313
-0.184815594943039 -0.605419025027997
-0.191309546041938 -0.613880817091744
-0.193665044922549 -0.6089456875413
-0.195352414657028 -0.602101680854379
-0.198851624886455 -0.600955099221245
-0.204262059685286 -0.60547337759238
-0.20615490549953 -0.59954662449094
-0.213937662722406 -0.610605991183246
-0.210426977382351 -0.589573139813652
-0.220002181451703 -0.60525617729726
-0.22213100600321 -0.600214808357809
-0.224561198862075 -0.596105081311699
-0.228025031769386 -0.594788689272561
-0.232207933815427 -0.595315441991194
-0.233823013814386 -0.589307049177895
-0.237247144844201 -0.587936894796776
-0.23762648732416 -0.579145622898059
-0.240606473106453 -0.576830586133636
-0.248251571159532 -0.585548595265008
-0.252049276325492 -0.585012959090476
-0.255047102150764 -0.582620782056818
-0.25396224357126 -0.571076333636977
-0.259749870888067 -0.575057392417168
-0.26350761328286 -0.574445591628982
-0.263044785803428 -0.564744580019701
-0.267608005329801 -0.565916915707072
-0.273924683736973 -0.570661254720872
-0.275487761428051 -0.565462194406806
-0.277886079435844 -0.562057227385055
-0.282496168489585 -0.563112701675876
-0.287581493826438 -0.565024675928897
-0.288110810027027 -0.558010896977443
-0.291351968121586 -0.556325471888245
-0.294583267006672 -0.554621221014555
-0.299701441905719 -0.556419846626298
-0.301974499307548 -0.552911748625362
-0.303732494797757 -0.548521259026421
-0.306428683244803 -0.545873119034869
-0.310093491106884 -0.544950481028455
-0.315256760939056 -0.546602391764082
